# x	y	u	v	mask
  0.5180	  7.0452	 -0.6104	 -3.0024	  0.0000
  0.9324	  7.0452	 -0.1718	 -0.8695	  1.0000
  1.3469	  7.0452	  0.4873	 -0.3500	  0.0000
  1.7613	  7.0452	  0.4884	 -0.2298	  0.0000
  2.1757	  7.0452	  0.1309	 -0.0549	  0.0000
  2.5901	  7.0452	 -0.7772	  0.2735	  1.0000
  3.0046	  7.0452	 -1.0402	  0.3288	  1.0000
  3.4190	  7.0452	 -0.8848	  0.7471	  0.0000
  3.8334	  7.0452	 -1.4507	  0.7350	  0.0000
  4.2478	  7.0452	 -1.5973	 -0.2536	  1.0000
  4.6622	  7.0452	 -1.6417	 -0.4148	  1.0000
  5.0767	  7.0452	 -2.2013	 -0.0025	  0.0000
  5.4911	  7.0452	 -2.2410	  0.0138	  0.0000
  5.9055	  7.0452	 -1.3105	 -0.6352	  1.0000
  6.3199	  7.0452	 -1.0464	 -0.5590	  1.0000
  6.7344	  7.0452	  0.2418	 -0.3141	  0.0000
  7.1488	  7.0452	 -0.4626	 -0.4019	  1.0000
  7.5632	  7.0452	  0.0880	 -0.4488	  0.0000
  7.9776	  7.0452	  0.0600	 -0.3707	  0.0000
  8.3920	  7.0452	  0.0283	 -0.2661	  0.0000
  8.8065	  7.0452	  0.0412	 -0.2497	  1.0000
  0.5180	  6.6308	 -0.7161	 -2.5684	  0.0000
  0.9324	  6.6308	  0.4076	  0.0110	  0.0000
  1.3469	  6.6308	 -0.3953	 -0.6646	  1.0000
  1.7613	  6.6308	  0.2664	  0.2189	  0.0000
  2.1757	  6.6308	 -0.1180	  0.1841	  0.0000
  2.5901	  6.6308	 -1.5045	  1.5415	  0.0000
  3.0046	  6.6308	 -1.0632	 -0.0707	  1.0000
  3.4190	  6.6308	 -1.3383	 -0.0744	  1.0000
  3.8334	  6.6308	 -1.6804	  0.8952	  0.0000
  4.2478	  6.6308	 -1.4843	 -0.6631	  0.0000
  4.6622	  6.6308	 -1.4472	 -1.4616	  0.0000
  5.0767	  6.6308	 -0.8609	 -1.5457	  0.0000
  5.4911	  6.6308	 -1.9732	 -2.5228	  0.0000
  5.9055	  6.6308	  1.5830	 -3.0150	  0.0000
  6.3199	  6.6308	  0.1749	 -1.4978	  0.0000
  6.7344	  6.6308	  0.3737	 -0.5659	  0.0000
  7.1488	  6.6308	 -0.6180	 -0.3813	  1.0000
  7.5632	  6.6308	  0.1185	 -0.3275	  0.0000
  7.9776	  6.6308	  0.1319	 -0.2878	  0.0000
  8.3920	  6.6308	  0.0420	 -0.1538	  0.0000
  8.8065	  6.6308	 -0.0703	 -0.1985	  0.0000
  0.5180	  6.2163	 -0.6739	 -2.7817	  0.0000
  0.9324	  6.2163	 -0.2160	 -1.2207	  1.0000
  1.3469	  6.2163	  1.5378	  1.5011	  0.0000
  1.7613	  6.2163	 -0.4688	 -0.8105	  1.0000
  2.1757	  6.2163	 -0.6154	 -0.5644	  1.0000
  2.5901	  6.2163	 -0.9652	  3.1701	  0.0000
  3.0046	  6.2163	  0.6122	  1.5244	  0.0000
  3.4190	  6.2163	 -1.4873	  1.1933	  0.0000
  3.8334	  6.2163	 -2.0480	  1.5058	  0.0000
  4.2478	  6.2163	 -1.7035	  0.3414	  0.0000
  4.6622	  6.2163	 -1.6582	 -1.4486	  0.0000
  5.0767	  6.2163	 -2.4330	 -0.0382	  0.0000
  5.4911	  6.2163	 -2.0428	 -1.9947	  0.0000
  5.9055	  6.2163	 -1.7601	 -0.3312	  1.0000
  6.3199	  6.2163	 -1.4560	 -0.3076	  1.0000
  6.7344	  6.2163	 -1.5638	  0.0506	  0.0000
  7.1488	  6.2163	  0.2676	 -0.6059	  0.0000
  7.5632	  6.2163	  0.3632	 -0.4543	  0.0000
  7.9776	  6.2163	 -0.3295	 -0.2381	  1.0000
  8.3920	  6.2163	  0.0122	 -0.1973	  0.0000
  8.8065	  6.2163	 -0.0264	 -0.1356	  0.0000
  0.5180	  5.8019	 -0.1638	 -1.3105	  1.0000
  0.9324	  5.8019	 -0.8965	 -1.5206	  0.0000
  1.3469	  5.8019	 -1.0493	 -1.5826	  0.0000
  1.7613	  5.8019	 -0.4591	 -0.9155	  1.0000
  2.1757	  5.8019	 -0.6173	 -0.7177	  1.0000
  2.5901	  5.8019	 -3.1678	  4.1027	  0.0000
  3.0046	  5.8019	 -1.3796	 -1.9706	  0.0000
  3.4190	  5.8019	 -1.4470	 -1.7545	  0.0000
  3.8334	  5.8019	 -1.2859	 -1.1681	  0.0000
  4.2478	  5.8019	 -2.0047	  1.1853	  0.0000
  4.6622	  5.8019	 -2.0241	 -0.2439	  1.0000
  5.0767	  5.8019	 -2.0945	 -0.1994	  1.0000
  5.4911	  5.8019	 -2.6213	 -0.0551	  0.0000
  5.9055	  5.8019	 -2.6324	 -0.1954	  0.0000
  6.3199	  5.8019	 -2.9659	  1.6081	  0.0000
  6.7344	  5.8019	 -1.7468	 -0.1720	  0.0000
  7.1488	  5.8019	 -0.8887	 -0.2864	  1.0000
  7.5632	  5.8019	  0.0893	 -0.2483	  0.0000
  7.9776	  5.8019	 -0.3879	 -0.2332	  1.0000
  8.3920	  5.8019	  0.1176	 -0.2036	  0.0000
  8.8065	  5.8019	  0.1587	  0.0101	  0.0000
  0.5180	  5.3875	 -0.1896	 -1.3965	  1.0000
  0.9324	  5.3875	 -0.4924	 -1.0286	  0.0000
  1.3469	  5.3875	 -0.1456	 -2.7872	  0.0000
  1.7613	  5.3875	 -0.4713	 -1.0794	  1.0000
  2.1757	  5.3875	 -0.4313	 -2.8963	  0.0000
  2.5901	  5.3875	 -0.3659	 -2.6145	  0.0000
  3.0046	  5.3875	 -1.2872	 -1.9323	  0.0000
  3.4190	  5.3875	 -1.6868	 -1.5825	  0.0000
  3.8334	  5.3875	 -1.9864	 -1.0013	  0.0000
  4.2478	  5.3875	 -1.8963	 -0.5608	  0.0000
  4.6622	  5.3875	 -3.3860	  0.5765	  0.0000
  5.0767	  5.3875	 -1.6785	  1.7078	  0.0000
  5.4911	  5.3875	 -2.7993	 -0.0663	  0.0000
  5.9055	  5.3875	 -2.8384	 -0.1617	  0.0000
  6.3199	  5.3875	 -2.5826	 -0.5597	  0.0000
  6.7344	  5.3875	 -2.9292	  0.2020	  0.0000
  7.1488	  5.3875	 -1.1202	 -0.2489	  1.0000
  7.5632	  5.3875	  0.2760	 -0.6014	  0.0000
  7.9776	  5.3875	  0.0198	 -0.1795	  0.0000
  8.3920	  5.3875	  0.3374	 -0.4909	  0.0000
  8.8065	  5.3875	  0.1866	 -0.2384	  0.0000
  0.5180	  4.9731	 -0.2247	 -1.4897	  1.0000
  0.9324	  4.9731	 -0.3436	 -1.4020	  1.0000
  1.3469	  4.9731	 -0.0045	 -2.4760	  0.0000
  1.7613	  4.9731	 -0.6021	 -1.7819	  0.0000
  2.1757	  4.9731	 -0.2908	 -2.4318	  0.0000
  2.5901	  4.9731	 -0.7025	 -1.8922	  0.0000
  3.0046	  4.9731	 -1.3035	 -0.5785	  1.0000
  3.4190	  4.9731	 -1.6499	 -1.1172	  0.0000
  3.8334	  4.9731	 -1.8702	 -0.6559	  0.0000
  4.2478	  4.9731	 -2.1297	 -0.2032	  0.0000
  4.6622	  4.9731	 -2.7490	 -0.1523	  0.0000
  5.0767	  4.9731	 -3.4404	  0.8963	  0.0000
  5.4911	  4.9731	 -3.8889	  1.4706	  0.0000
  5.9055	  4.9731	 -2.6134	  0.0651	  1.0000
  6.3199	  4.9731	 -2.3041	  0.0255	  1.0000
  6.7344	  4.9731	 -3.3043	  0.2899	  0.0000
  7.1488	  4.9731	 -1.5107	 -0.1182	  1.0000
  7.5632	  4.9731	 -1.0652	 -0.1295	  1.0000
  7.9776	  4.9731	  0.0434	 -0.0373	  0.0000
  8.3920	  4.9731	  0.0904	 -0.0856	  0.0000
  8.8065	  4.9731	  0.1854	 -0.2021	  0.0000
  0.5180	  4.5586	  0.1534	 -0.3216	  0.0000
  0.9324	  4.5586	 -0.3861	 -1.3520	  1.0000
  1.3469	  4.5586	  0.1892	 -2.3752	  0.0000
  1.7613	  4.5586	  0.0560	 -2.3729	  0.0000
  2.1757	  4.5586	 -0.1552	 -2.3869	  0.0000
  2.5901	  4.5586	 -1.0938	 -1.0689	  1.0000
  3.0046	  4.5586	 -1.4256	 -0.7480	  1.0000
  3.4190	  4.5586	 -1.4372	 -0.9620	  0.0000
  3.8334	  4.5586	 -1.8253	 -0.1877	  0.0000
  4.2478	  4.5586	 -2.6516	  0.0220	  0.0000
  4.6622	  4.5586	 -3.0804	  0.2932	  0.0000
  5.0767	  4.5586	 -3.4139	  0.7106	  0.0000
  5.4911	  4.5586	 -3.0154	  0.3318	  1.0000
  5.9055	  4.5586	 -2.8993	  0.2188	  1.0000
  6.3199	  4.5586	 -3.1578	  0.0101	  0.0000
  6.7344	  4.5586	 -1.9584	 -0.3091	  0.0000
  7.1488	  4.5586	 -1.9398	 -0.3837	  0.0000
  7.5632	  4.5586	 -1.2231	 -0.1052	  1.0000
  7.9776	  4.5586	  0.0687	 -0.1365	  0.0000
  8.3920	  4.5586	  0.1704	 -0.0017	  0.0000
  8.8065	  4.5586	  0.4209	 -0.2720	  0.0000
  0.5180	  4.1442	 -0.3313	 -1.2301	  1.0000
  0.9324	  4.1442	 -0.1343	 -1.5549	  0.0000
  1.3469	  4.1442	 -0.5035	 -1.1975	  1.0000
  1.7613	  4.1442	  0.0296	 -2.2933	  0.0000
  2.1757	  4.1442	 -0.0812	 -2.0533	  0.0000
  2.5901	  4.1442	 -0.4526	 -1.1714	  0.0000
  3.0046	  4.1442	 -1.1076	 -1.3117	  0.0000
  3.4190	  4.1442	 -1.6804	 -0.9565	  0.0000
  3.8334	  4.1442	 -2.0428	  0.4999	  0.0000
  4.2478	  4.1442	 -3.1394	  0.8397	  0.0000
  4.6622	  4.1442	 -3.5448	  0.5826	  0.0000
  5.0767	  4.1442	 -3.0900	  0.4580	  1.0000
  5.4911	  4.1442	 -4.2333	  0.4890	  0.0000
  5.9055	  4.1442	 -3.0723	  0.2937	  1.0000
  6.3199	  4.1442	 -3.3627	 -0.1955	  0.0000
  6.7344	  4.1442	 -1.9986	 -0.3924	  0.0000
  7.1488	  4.1442	 -1.9841	 -0.3487	  0.0000
  7.5632	  4.1442	 -1.3956	 -0.1444	  1.0000
  7.9776	  4.1442	 -1.0819	 -0.1815	  1.0000
  8.3920	  4.1442	 -0.7406	 -0.1837	  1.0000
  8.8065	  4.1442	  0.2019	  0.1665	  0.0000
  0.5180	  3.7298	 -0.5468	 -0.8111	  1.0000
  0.9324	  3.7298	 -0.6310	 -0.8439	  1.0000
  1.3469	  3.7298	 -0.6669	 -0.8579	  1.0000
  1.7613	  3.7298	 -0.1609	 -2.2936	  0.0000
  2.1757	  3.7298	 -3.6213	  3.7213	  0.0000
  2.5901	  3.7298	 -0.9928	 -1.3100	  0.0000
  3.0046	  3.7298	 -1.0212	 -1.0238	  0.0000
  3.4190	  3.7298	 -1.4070	 -0.6049	  0.0000
  3.8334	  3.7298	 -2.5003	  1.5198	  0.0000
  4.2478	  3.7298	 -3.4192	  1.1039	  0.0000
  4.6622	  3.7298	 -3.3474	  0.6735	  0.0000
  5.0767	  3.7298	 -3.2915	  0.5960	  1.0000
  5.4911	  3.7298	 -3.3727	  0.5353	  1.0000
  5.9055	  3.7298	 -4.3118	  0.2650	  0.0000
  6.3199	  3.7298	 -3.5173	  0.0521	  0.0000
  6.7344	  3.7298	 -3.3746	 -0.1248	  0.0000
  7.1488	  3.7298	 -2.9943	 -0.2193	  0.0000
  7.5632	  3.7298	 -1.6438	  0.0529	  1.0000
  7.9776	  3.7298	 -1.3476	  0.0208	  1.0000
  8.3920	  3.7298	  0.1194	  0.1033	  0.0000
  8.8065	  3.7298	  0.0993	  0.2528	  0.0000
  0.5180	  3.3154	  1.1140	  1.4038	  0.0000
  0.9324	  3.3154	 -0.7996	 -0.4222	  1.0000
  1.3469	  3.3154	 -0.8030	 -0.4937	  1.0000
  1.7613	  3.3154	 -0.8799	 -0.5515	  1.0000
  2.1757	  3.3154	 -0.5258	 -1.7781	  0.0000
  2.5901	  3.3154	 -1.0672	 -1.2926	  0.0000
  3.0046	  3.3154	 -1.1224	 -1.1709	  0.0000
  3.4190	  3.3154	 -2.9063	  1.2534	  0.0000
  3.8334	  3.3154	 -2.4111	  0.6542	  0.0000
  4.2478	  3.3154	 -3.6949	  1.0523	  0.0000
  4.6622	  3.3154	 -3.5698	  0.8464	  0.0000
  5.0767	  3.3154	 -3.4585	  0.7339	  1.0000
  5.4911	  3.3154	 -3.4987	  0.6282	  1.0000
  5.9055	  3.3154	 -4.3344	  0.7526	  0.0000
  6.3199	  3.3154	 -3.2067	  0.4679	  1.0000
  6.7344	  3.3154	 -3.3228	 -0.2192	  0.0000
  7.1488	  3.3154	 -3.1512	 -0.4198	  0.0000
  7.5632	  3.3154	 -1.6751	  0.1217	  1.0000
  7.9776	  3.3154	  1.3439	 -0.5883	  0.0000
  8.3920	  3.3154	 -0.0354	 -0.1048	  0.0000
  8.8065	  3.3154	 -0.4760	  0.0073	  1.0000
  0.5180	  2.9010	  0.5235	 -1.1703	  0.0000
  0.9324	  2.9010	 -1.2055	  0.0383	  1.0000
  1.3469	  2.9010	 -1.1608	 -0.0676	  1.0000
  1.7613	  2.9010	 -1.2093	 -0.1535	  1.0000
  2.1757	  2.9010	 -1.4450	 -0.0939	  1.0000
  2.5901	  2.9010	 -0.4335	  1.5297	  0.0000
  3.0046	  2.9010	 -1.4129	 -0.7803	  0.0000
  3.4190	  2.9010	 -2.0185	  0.0378	  0.0000
  3.8334	  2.9010	 -1.9639	  0.1735	  0.0000
  4.2478	  2.9010	 -3.9877	  1.1210	  0.0000
  4.6622	  2.9010	 -3.9457	  1.0399	  0.0000
  5.0767	  2.9010	 -3.5577	  0.8415	  1.0000
  5.4911	  2.9010	 -1.6517	  1.5459	  0.0000
  5.9055	  2.9010	 -4.3699	  1.1888	  0.0000
  6.3199	  2.9010	 -4.4726	  0.7495	  0.0000
  6.7344	  2.9010	 -2.6323	 -0.6419	  0.0000
  7.1488	  2.9010	 -2.5813	 -0.6808	  0.0000
  7.5632	  2.9010	 -2.5326	 -1.1251	  0.0000
  7.9776	  2.9010	 -1.3623	  0.1199	  1.0000
  8.3920	  2.9010	 -0.0760	  0.0496	  0.0000
  8.8065	  2.9010	 -0.4730	  0.0282	  1.0000
  0.5180	  2.4865	 -0.9187	  0.3284	  1.0000
  0.9324	  2.4865	 -1.1176	  0.3293	  1.0000
  1.3469	  2.4865	 -1.1263	  0.2203	  1.0000
  1.7613	  2.4865	 -3.9444	  3.3279	  0.0000
  2.1757	  2.4865	 -0.5182	 -1.7351	  0.0000
  2.5901	  2.4865	 -1.1062	 -1.2455	  0.0000
  3.0046	  2.4865	 -1.5738	 -0.6051	  0.0000
  3.4190	  2.4865	 -1.5378	 -0.3996	  0.0000
  3.8334	  2.4865	 -2.6687	  0.1279	  0.0000
  4.2478	  2.4865	 -4.1404	  1.4619	  0.0000
  4.6622	  2.4865	 -4.1452	  1.5057	  0.0000
  5.0767	  2.4865	 -3.6224	  0.9280	  1.0000
  5.4911	  2.4865	 -4.0752	  1.0284	  0.0000
  5.9055	  2.4865	 -4.7612	  0.9853	  0.0000
  6.3199	  2.4865	 -3.1974	  0.5735	  1.0000
  6.7344	  2.4865	 -2.6680	  0.5560	  0.0000
  7.1488	  2.4865	-10.3093	  6.4191	  0.0000
  7.5632	  2.4865	 -1.5600	  0.1784	  1.0000
  7.9776	  2.4865	  0.3228	  0.1572	  0.0000
  8.3920	  2.4865	 -0.0581	  0.1693	  0.0000
  8.8065	  2.4865	  0.0353	 -0.5669	  0.0000
  0.5180	  2.0721	 -0.8699	  0.5284	  1.0000
  0.9324	  2.0721	 -1.0192	  0.4053	  1.0000
  1.3469	  2.0721	 -1.0719	  0.3392	  1.0000
  1.7613	  2.0721	 -4.2907	  4.6293	  0.0000
  2.1757	  2.0721	 -0.7734	 -1.6066	  0.0000
  2.5901	  2.0721	 -0.5179	 -1.3522	  0.0000
  3.0046	  2.0721	 -1.6383	 -0.6651	  0.0000
  3.4190	  2.0721	 -2.5101	  0.6424	  1.0000
  3.8334	  2.0721	 -3.5863	  1.4859	  0.0000
  4.2478	  2.0721	 -4.1845	  1.5568	  0.0000
  4.6622	  2.0721	 -4.2198	  1.5634	  0.0000
  5.0767	  2.0721	 -3.6249	  1.0011	  1.0000
  5.4911	  2.0721	 -3.5480	  0.8755	  1.0000
  5.9055	  2.0721	 -4.8311	  1.3690	  0.0000
  6.3199	  2.0721	 -3.2271	  0.2489	  0.0000
  6.7344	  2.0721	 -3.0159	  0.2271	  0.0000
  7.1488	  2.0721	 -1.9590	  0.3265	  1.0000
  7.5632	  2.0721	 -1.6113	  2.1906	  0.0000
  7.9776	  2.0721	  0.0131	  0.0929	  0.0000
  8.3920	  2.0721	 -0.1028	  0.0592	  0.0000
  8.8065	  2.0721	  0.5160	 -0.0467	  0.0000
  0.5180	  1.6577	  0.8382	  0.6533	  0.0000
  0.9324	  1.6577	 -1.2440	  0.5650	  1.0000
  1.3469	  1.6577	 -1.2849	  0.5327	  1.0000
  1.7613	  1.6577	 -1.4196	  0.5159	  1.0000
  2.1757	  1.6577	-11.3549	  4.9155	  0.0000
  2.5901	  1.6577	 -1.9964	  0.6713	  1.0000
  3.0046	  1.6577	 -2.4734	  0.8419	  1.0000
  3.4190	  1.6577	  1.4965	  3.1092	  0.0000
  3.8334	  1.6577	 -2.7359	  0.8747	  1.0000
  4.2478	  1.6577	 -4.1719	  1.6486	  0.0000
  4.6622	  1.6577	 -4.1411	  1.5770	  0.0000
  5.0767	  1.6577	 -3.6709	  1.4613	  0.0000
  5.4911	  1.6577	 -3.9374	  1.2588	  0.0000
  5.9055	  1.6577	 -3.8423	  0.5768	  0.0000
  6.3199	  1.6577	 -2.6096	 -0.6396	  0.0000
  6.7344	  1.6577	 -2.3086	 -0.5388	  0.0000
  7.1488	  1.6577	 -1.5780	  0.2814	  1.0000
  7.5632	  1.6577	 -1.0926	  0.1883	  1.0000
  7.9776	  1.6577	 -0.0226	  0.1188	  0.0000
  8.3920	  1.6577	  0.2218	 -0.2175	  0.0000
  8.8065	  1.6577	  0.3554	 -0.0110	  0.0000
  0.5180	  1.2433	 -0.7486	  0.6917	  1.0000
  0.9324	  1.2433	  0.4584	 -0.3768	  0.0000
  1.3469	  1.2433	 -1.0038	  1.4411	  0.0000
  1.7613	  1.2433	 -1.4831	  0.6152	  1.0000
  2.1757	  1.2433	  4.9846	 -1.0227	  0.0000
  2.5901	  1.2433	 -2.0876	  0.7707	  1.0000
  3.0046	  1.2433	 -2.1736	  1.2046	  0.0000
  3.4190	  1.2433	 -2.7466	  0.8813	  1.0000
  3.8334	  1.2433	 -3.9441	  1.5481	  0.0000
  4.2478	  1.2433	 -4.2967	  1.7706	  0.0000
  4.6622	  1.2433	 -4.0389	  1.7789	  0.0000
  5.0767	  1.2433	 -3.5154	  1.1595	  0.0000
  5.4911	  1.2433	 -4.2771	  1.4211	  0.0000
  5.9055	  1.2433	 -3.4240	  0.0510	  0.0000
  6.3199	  1.2433	 -2.1937	 -0.5417	  0.0000
  6.7344	  1.2433	 -1.9381	  0.4357	  1.0000
  7.1488	  1.2433	 -1.4101	  0.3357	  1.0000
  7.5632	  1.2433	 -0.9462	  0.2544	  1.0000
  7.9776	  1.2433	  0.5447	  0.4312	  0.0000
  8.3920	  1.2433	  0.3148	 -0.0397	  0.0000
  8.8065	  1.2433	  0.2627	  0.0245	  0.0000
  0.5180	  0.8288	  0.3795	 -0.0671	  0.0000
  0.9324	  0.8288	  0.3514	 -0.0483	  0.0000
  1.3469	  0.8288	  0.5268	 -0.3855	  0.0000
  1.7613	  0.8288	 -1.4815	  0.6881	  1.0000
  2.1757	  0.8288	 -1.7203	  0.7742	  1.0000
  2.5901	  0.8288	 -2.1472	  0.9302	  1.0000
  3.0046	  0.8288	 -2.6557	  1.1040	  1.0000
  3.4190	  0.8288	 -2.3506	  0.7662	  0.0000
  3.8334	  0.8288	 -2.7955	  1.0578	  1.0000
  4.2478	  0.8288	 -4.4037	  1.8290	  0.0000
  4.6622	  0.8288	 -3.0453	  1.0273	  1.0000
  5.0767	  0.8288	 -4.0003	  0.9908	  0.0000
  5.4911	  0.8288	 -4.7960	  1.6427	  0.0000
  5.9055	  0.8288	 -2.5919	  1.4228	  0.0000
  6.3199	  0.8288	 -2.1193	  0.3620	  1.0000
  6.7344	  0.8288	 -0.3834	 -0.1117	  0.0000
  7.1488	  0.8288	 -1.0462	  0.1442	  1.0000
  7.5632	  0.8288	 -0.6265	  0.0910	  1.0000
  7.9776	  0.8288	  0.4601	  0.0950	  0.0000
  8.3920	  0.8288	  0.3165	  0.0920	  0.0000
  8.8065	  0.8288	  0.0903	 -0.0771	  0.0000
  0.5180	  0.4144	  0.3411	  0.0062	  0.0000
  0.9324	  0.4144	  0.3884	  0.0197	  0.0000
  1.3469	  0.4144	  0.3210	  0.0247	  0.0000
  1.7613	  0.4144	  0.2148	  0.1474	  0.0000
  2.1757	  0.4144	-10.9409	  3.1520	  0.0000
  2.5901	  0.4144	 -2.1765	  1.0417	  1.0000
  3.0046	  0.4144	 -2.6934	  1.2142	  1.0000
  3.4190	  0.4144	 -1.5130	  0.0475	  0.0000
  3.8334	  0.4144	 -2.7651	  1.1707	  1.0000
  4.2478	  0.4144	 -2.9463	  1.1386	  1.0000
  4.6622	  0.4144	  0.6348	 -0.4692	  0.0000
  5.0767	  0.4144	 -2.8648	  0.7253	  1.0000
  5.4911	  0.4144	 -0.4297	 -1.5505	  0.0000
  5.9055	  0.4144	  1.5219	 -1.5647	  0.0000
  6.3199	  0.4144	  1.4796	 -1.5203	  0.0000
  6.7344	  0.4144	 -0.0431	  0.0355	  0.0000
  7.1488	  0.4144	  0.0471	  0.0296	  0.0000
  7.5632	  0.4144	  0.0493	  0.0682	  0.0000
  7.9776	  0.4144	  0.5984	  0.3204	  0.0000
  8.3920	  0.4144	  0.3419	  0.4466	  0.0000
  8.8065	  0.4144	  0.1051	  0.1125	  1.0000
