# x	y	u	v	mask
  0.3108	  6.9934	 -0.3329	  1.8161	  1.0000
  0.6734	  6.9934	  0.6003	  1.7011	  1.0000
  1.0361	  6.9934	 -9.4704	 -1.2611	  0.0000
  1.3987	  6.9934	  1.5764	  1.4446	  1.0000
  1.7613	  6.9934	  3.1346	  1.1006	  1.0000
  2.1239	  6.9934	  3.2290	  0.4427	  1.0000
  2.4865	  6.9934	  3.9872	  0.6970	  1.0000
  2.8492	  6.9934	 12.5724	  7.5270	  0.0000
  3.2118	  6.9934	 -7.6271	  0.1716	  0.0000
  3.5744	  6.9934	  3.0124	 -0.8418	  1.0000
  3.9370	  6.9934	  2.1232	 -1.0905	  1.0000
  4.2996	  6.9934	  0.9712	 -1.4001	  1.0000
  4.6622	  6.9934	 -7.6463	 -7.8345	  0.0000
  5.0249	  6.9934	  0.2619	 -0.3266	  1.0000
  5.3875	  6.9934	  0.1745	  0.2111	  1.0000
  5.7501	  6.9934	  0.1362	  0.9307	  1.0000
  6.1127	  6.9934	 -2.1615	  0.6586	  0.0000
  6.4753	  6.9934	  2.1185	  1.9022	  1.0000
  6.8380	  6.9934	 -1.0556	  0.7688	  0.0000
  7.2006	  6.9934	  2.6177	  0.3516	  1.0000
  7.5632	  6.9934	  2.3743	 -0.3435	  1.0000
  7.9258	  6.9934	  1.5358	 -1.4060	  1.0000
  8.2884	  6.9934	  4.9616	 -2.4460	  0.0000
  8.6511	  6.9934	  0.9022	 -2.7515	  1.0000
  9.0137	  6.9934	 -7.8861	 -7.7949	  0.0000
  0.3108	  6.6308	 -9.8582	  7.5591	  0.0000
  0.6734	  6.6308	  1.2218	  1.4101	  1.0000
  1.0361	  6.6308	  7.0060	 -1.1218	  0.0000
  1.3987	  6.6308	  6.2328	  1.7817	  0.0000
  1.7613	  6.6308	  3.3450	  0.8892	  1.0000
  2.1239	  6.6308	  3.1065	  0.1373	  1.0000
  2.4865	  6.6308	  3.8643	  0.5208	  1.0000
  2.8492	  6.6308	  4.0169	  0.1065	  1.0000
  3.2118	  6.6308	  3.4840	 -0.2080	  1.0000
  3.5744	  6.6308	  2.5161	 -0.5207	  1.0000
  3.9370	  6.6308	  1.9883	 -0.7934	  1.0000
  4.2996	  6.6308	  0.7295	 -1.0427	  1.0000
  4.6622	  6.6308	  1.0257	 -0.1232	  1.0000
  5.0249	  6.6308	  0.2886	 -0.0707	  1.0000
  5.3875	  6.6308	  0.2344	  0.4529	  1.0000
  5.7501	  6.6308	  6.5129	  9.0340	  0.0000
  6.1127	  6.6308	 -2.2591	  6.0606	  0.0000
  6.4753	  6.6308	  2.0036	  2.0654	  1.0000
  6.8380	  6.6308	  2.3056	  1.6632	  1.0000
  7.2006	  6.6308	  2.6857	  0.7831	  1.0000
  7.5632	  6.6308	  9.0068	 -7.7195	  0.0000
  7.9258	  6.6308	 -2.6797	-13.9207	  0.0000
  8.2884	  6.6308	  1.1055	 -1.0695	  1.0000
  8.6511	  6.6308	 -0.2580	  0.8357	  0.0000
  9.0137	  6.6308	 -0.5887	 -2.1075	  1.0000
  0.3108	  6.2681	 -0.0527	  1.9660	  1.0000
  0.6734	  6.2681	  0.9662	  1.4555	  1.0000
  1.0361	  6.2681	  1.3790	  1.0140	  1.0000
  1.3987	  6.2681	  1.9204	  0.9926	  1.0000
  1.7613	  6.2681	  3.1017	  0.7023	  1.0000
  2.1239	  6.2681	  0.9601	  3.0265	  0.0000
  2.4865	  6.2681	  7.7005	  1.5630	  0.0000
  2.8492	  6.2681	  3.8308	 -0.4963	  1.0000
  3.2118	  6.2681	  3.3922	 -0.8141	  1.0000
  3.5744	  6.2681	  7.7997	  1.6318	  0.0000
  3.9370	  6.2681	  1.8683	 -1.1650	  1.0000
  4.2996	  6.2681	 -1.7423	 -6.1509	  0.0000
  4.6622	  6.2681	 -7.8646	 -7.7743	  0.0000
  5.0249	  6.2681	  0.1552	 -0.3477	  1.0000
  5.3875	  6.2681	  0.3611	  0.2723	  1.0000
  5.7501	  6.2681	  0.5051	  1.1532	  1.0000
  6.1127	  6.2681	  1.5922	  1.6505	  1.0000
  6.4753	  6.2681	  4.2405	  4.7882	  0.0000
  6.8380	  6.2681	  2.3642	  1.5284	  1.0000
  7.2006	  6.2681	  2.6662	  0.8236	  1.0000
  7.5632	  6.2681	  2.2967	  0.4236	  1.0000
  7.9258	  6.2681	 -0.7504	  0.8810	  0.0000
  8.2884	  6.2681	  9.3337	-12.1967	  0.0000
  8.6511	  6.2681	 -7.3005	 -4.0764	  0.0000
  9.0137	  6.2681	 -0.3028	 -1.7860	  1.0000
  0.3108	  5.9055	  0.3634	  2.0695	  1.0000
  0.6734	  5.9055	  1.1928	  1.5867	  1.0000
  1.0361	  5.9055	  1.5432	  1.1391	  1.0000
  1.3987	  5.9055	  2.0351	  1.0801	  1.0000
  1.7613	  5.9055	  3.0847	  0.7717	  1.0000
  2.1239	  5.9055	  3.2613	  0.1494	  1.0000
  2.4865	  5.9055	  3.9509	  0.2666	  1.0000
  2.8492	  5.9055	  7.7582	  0.4492	  0.0000
  3.2118	  5.9055	  2.1988	-10.6611	  0.0000
  3.5744	  5.9055	  7.7704	  6.8799	  0.0000
  3.9370	  5.9055	  7.9181	  3.4897	  0.0000
  4.2996	  5.9055	  8.3814	 -3.5450	  0.0000
  4.6622	  5.9055	  0.5483	 -0.8047	  1.0000
  5.0249	  5.9055	  0.0786	 -0.7442	  1.0000
  5.3875	  5.9055	  0.2374	 -0.1639	  1.0000
  5.7501	  5.9055	  0.4091	  0.6302	  1.0000
  6.1127	  5.9055	  1.3991	  1.1036	  1.0000
  6.4753	  5.9055	  1.6258	  1.4307	  1.0000
  6.8380	  5.9055	  1.9564	  1.2023	  1.0000
  7.2006	  5.9055	  8.3788	  8.8449	  0.0000
  7.5632	  5.9055	  7.7140	  8.0747	  0.0000
  7.9258	  5.9055	  1.2297	 -0.2208	  1.0000
  8.2884	  5.9055	  1.1909	 -0.5999	  1.0000
  8.6511	  5.9055	 -0.6432	  0.5555	  0.0000
  9.0137	  5.9055	 -0.2041	 -1.5277	  1.0000
  0.3108	  5.5429	  1.3035	  1.4379	  1.0000
  0.6734	  5.5429	  1.8084	  1.1128	  1.0000
  1.0361	  5.5429	  2.0258	  0.7630	  1.0000
  1.3987	  5.5429	  1.6224	  7.7422	  0.0000
  1.7613	  5.5429	 11.1939	 -9.2321	  0.0000
  2.1239	  5.5429	  3.1662	  0.3808	  1.0000
  2.4865	  5.5429	  3.5439	  0.5049	  1.0000
  2.8492	  5.5429	  3.3197	  0.0341	  1.0000
  3.2118	  5.5429	 -8.8644	 -7.1265	  0.0000
  3.5744	  5.5429	  7.7733	  6.3696	  0.0000
  3.9370	  5.5429	  1.7392	 -0.6153	  1.0000
  4.2996	  5.5429	  1.2033	 -0.9809	  1.0000
  4.6622	  5.5429	 -7.6769	  7.8253	  0.0000
  5.0249	  5.5429	 10.9461	 -1.7303	  0.0000
  5.3875	  5.5429	 -7.7513	 -0.3364	  0.0000
  5.7501	  5.5429	  0.7488	  0.7926	  1.0000
  6.1127	  5.5429	  1.5688	  1.1412	  1.0000
  6.4753	  5.5429	  1.8131	  1.4629	  1.0000
  6.8380	  5.5429	  7.6269	 11.8065	  0.0000
  7.2006	  5.5429	  2.6188	  0.8475	  1.0000
  7.5632	  5.5429	  1.2622	  1.6960	  0.0000
  7.9258	  5.5429	  1.4546	  0.1479	  1.0000
  8.2884	  5.5429	  1.3807	 -0.1559	  1.0000
  8.6511	  5.5429	 -3.1842	  4.6351	  0.0000
  9.0137	  5.5429	 -7.5993	  7.9820	  0.0000
  0.3108	  5.1803	  1.3928	  0.8521	  1.0000
  0.6734	  5.1803	  0.2040	  1.0270	  0.0000
  1.0361	  5.1803	 -7.6130	  7.7585	  0.0000
  1.3987	  5.1803	  2.3787	  0.4972	  1.0000
  1.7613	  5.1803	  2.4466	  0.6882	  1.0000
  2.1239	  5.1803	  7.5285	 -9.9224	  0.0000
  2.4865	  5.1803	  3.3037	  0.4150	  1.0000
  2.8492	  5.1803	  3.2138	  0.1504	  1.0000
  3.2118	  5.1803	 10.0390	 -9.9787	  0.0000
  3.5744	  5.1803	  2.2180	 -0.3444	  1.0000
  3.9370	  5.1803	 -8.6777	 -5.1127	  0.0000
  4.2996	  5.1803	  1.4013	 -1.0628	  1.0000
  4.6622	  5.1803	  0.7210	 -0.7068	  1.0000
  5.0249	  5.1803	  0.6575	 -0.8030	  1.0000
  5.3875	  5.1803	  0.7442	 -0.4319	  1.0000
  5.7501	  5.1803	  0.8933	  0.2418	  1.0000
  6.1127	  5.1803	  1.6934	  0.6277	  1.0000
  6.4753	  5.1803	  1.7722	  1.0671	  1.0000
  6.8380	  5.1803	  2.2931	  1.1142	  1.0000
  7.2006	  5.1803	  2.5182	  1.1452	  1.0000
  7.5632	  5.1803	  1.8169	  0.9392	  1.0000
  7.9258	  5.1803	  5.1236	 -3.0636	  0.0000
  8.2884	  5.1803	 -0.3754	  1.0758	  0.0000
  8.6511	  5.1803	  0.6414	  0.2846	  1.0000
  9.0137	  5.1803	  0.1034	 -0.0229	  1.0000
  0.3108	  4.8177	  1.9621	  1.2340	  1.0000
  0.6734	  4.8177	  2.0660	  1.0727	  1.0000
  1.0361	  4.8177	  2.2714	  0.7893	  1.0000
  1.3987	  4.8177	  3.4338	  7.7249	  0.0000
  1.7613	  4.8177	  2.3728	  0.9928	  1.0000
  2.1239	  4.8177	  2.6788	  0.5732	  1.0000
  2.4865	  4.8177	  2.9770	  0.7649	  1.0000
  2.8492	  4.8177	  2.8868	  0.6016	  1.0000
  3.2118	  4.8177	 10.0049	  7.7990	  0.0000
  3.5744	  4.8177	  2.3527	  0.3394	  1.0000
  3.9370	  4.8177	  2.1867	  0.0109	  1.0000
  4.2996	  4.8177	-10.0080	 -7.6664	  0.0000
  4.6622	  4.8177	  1.2637	 -0.2995	  1.0000
  5.0249	  4.8177	  7.5920	 -4.4069	  0.0000
  5.3875	  4.8177	  1.3740	 -0.3912	  1.0000
  5.7501	  4.8177	 -6.8585	 -7.5935	  0.0000
  6.1127	  4.8177	  1.9460	  0.2858	  1.0000
  6.4753	  4.8177	  1.9468	  0.6474	  1.0000
  6.8380	  4.8177	 -7.6469	 -5.7522	  0.0000
  7.2006	  4.8177	  2.5552	  0.6643	  1.0000
  7.5632	  4.8177	  2.0140	  0.6213	  1.0000
  7.9258	  4.8177	  1.5337	  0.5641	  1.0000
  8.2884	  4.8177	  1.4340	  0.4994	  1.0000
  8.6511	  4.8177	 -0.3979	  1.2671	  0.0000
  9.0137	  4.8177	 -0.1258	 -4.5337	  0.0000
  0.3108	  4.4550	  7.7382	 -7.6968	  0.0000
  0.6734	  4.4550	  1.3038	 -7.8363	  0.0000
  1.0361	  4.4550	  2.1791	  0.9780	  1.0000
  1.3987	  4.4550	  2.3630	  0.9929	  1.0000
  1.7613	  4.4550	  1.9080	  1.5185	  1.0000
  2.1239	  4.4550	  2.3898	  1.1651	  1.0000
  2.4865	  4.4550	  2.6468	  1.2550	  1.0000
  2.8492	  4.4550	-13.6664	 14.5709	  0.0000
  3.2118	  4.4550	  7.4053	  1.8129	  0.0000
  3.5744	  4.4550	  2.2115	  0.8711	  1.0000
  3.9370	  4.4550	  2.2721	  0.6115	  1.0000
  4.2996	  4.4550	  2.1811	  0.0518	  1.0000
  4.6622	  4.4550	  1.7297	  0.0599	  1.0000
  5.0249	  4.4550	  1.6092	  0.2069	  1.0000
  5.3875	  4.4550	  1.8357	  0.2577	  1.0000
  5.7501	  4.4550	  2.0113	  0.5554	  1.0000
  6.1127	  4.4550	  9.8235	  1.8981	  0.0000
  6.4753	  4.4550	  2.1892	  0.4360	  1.0000
  6.8380	  4.4550	  2.5935	  0.3307	  1.0000
  7.2006	  4.4550	  2.6383	  0.2550	  1.0000
  7.5632	  4.4550	  2.3562	 -0.1095	  1.0000
  7.9258	  4.4550	  8.5928	 -1.1618	  0.0000
  8.2884	  4.4550	  1.6414	 -0.2541	  1.0000
  8.6511	  4.4550	  1.3003	 -0.4084	  1.0000
  9.0137	  4.4550	 -0.4854	  1.7919	  0.0000
  0.3108	  4.0924	  2.1721	  0.6198	  1.0000
  0.6734	  4.0924	  1.7939	  1.0484	  1.0000
  1.0361	  4.0924	  2.2155	  0.8824	  1.0000
  1.3987	  4.0924	  0.2970	 -7.8582	  0.0000
  1.7613	  4.0924	  1.8623	  1.8956	  1.0000
  2.1239	  4.0924	  2.6550	  1.7282	  1.0000
  2.4865	  4.0924	  2.8685	  1.7344	  1.0000
  2.8492	  4.0924	  2.7722	  1.8047	  1.0000
  3.2118	  4.0924	  3.0852	  1.1614	  1.0000
  3.5744	  4.0924	  2.9383	  1.0262	  1.0000
  3.9370	  4.0924	  2.9186	  0.8481	  1.0000
  4.2996	  4.0924	  3.0466	  0.2644	  1.0000
  4.6622	  4.0924	  2.5501	  0.0861	  1.0000
  5.0249	  4.0924	  2.5094	  0.3065	  1.0000
  5.3875	  4.0924	  2.6920	  0.2724	  1.0000
  5.7501	  4.0924	  2.6991	  0.4302	  1.0000
  6.1127	  4.0924	  2.8777	  0.6443	  1.0000
  6.4753	  4.0924	  2.9145	  0.3152	  1.0000
  6.8380	  4.0924	  3.1324	  0.0849	  1.0000
  7.2006	  4.0924	  2.9817	 -0.0602	  1.0000
  7.5632	  4.0924	  2.8002	 -0.6078	  1.0000
  7.9258	  4.0924	  2.3735	 -0.7396	  1.0000
  8.2884	  4.0924	 -7.6657	 10.6911	  0.0000
  8.6511	  4.0924	  1.9095	 -1.0294	  1.0000
  9.0137	  4.0924	 -0.5161	  1.0978	  0.0000
  0.3108	  3.7298	  7.7224	 10.2636	  0.0000
  0.6734	  3.7298	  2.4607	  7.7522	  0.0000
  1.0361	  3.7298	  2.3111	  1.2426	  1.0000
  1.3987	  3.7298	  2.2707	  1.4121	  1.0000
  1.7613	  3.7298	  1.8095	  2.3962	  1.0000
  2.1239	  3.7298	  2.4926	  2.4445	  1.0000
  2.4865	  3.7298	  2.5930	  2.6264	  1.0000
  2.8492	  3.7298	  2.8983	  2.9899	  1.0000
  3.2118	  3.7298	  3.3212	  2.3779	  1.0000
  3.5744	  3.7298	  3.3088	  2.2634	  1.0000
  3.9370	  3.7298	  3.5870	  2.0570	  1.0000
  4.2996	  3.7298	  3.7534	  1.4953	  1.0000
  4.6622	  3.7298	  3.4908	  0.8650	  1.0000
  5.0249	  3.7298	  3.3516	  1.0188	  1.0000
  5.3875	  3.7298	  3.2529	  0.7642	  1.0000
  5.7501	  3.7298	  3.1632	  0.7769	  1.0000
  6.1127	  3.7298	  3.2513	  0.6159	  1.0000
  6.4753	  3.7298	  3.2371	  0.0657	  1.0000
  6.8380	  3.7298	  3.3628	 -0.2767	  1.0000
  7.2006	  3.7298	  3.1594	 -0.3164	  1.0000
  7.5632	  3.7298	  3.0796	 -0.9514	  1.0000
  7.9258	  3.7298	  2.6189	 -1.0129	  1.0000
  8.2884	  3.7298	  7.9380	-14.5214	  0.0000
  8.6511	  3.7298	  2.2638	 -1.2969	  1.0000
  9.0137	  3.7298	 -0.4187	  1.1406	  0.0000
  0.3108	  3.3672	  8.3794	 -7.7275	  0.0000
  0.6734	  3.3672	 -7.6479	 13.8088	  0.0000
  1.0361	  3.3672	  2.1459	  1.5911	  1.0000
  1.3987	  3.3672	  2.1406	  1.7851	  1.0000
  1.7613	  3.3672	  1.6761	  2.7703	  1.0000
  2.1239	  3.3672	 -0.2736	  8.1479	  0.0000
  2.4865	  3.3672	  2.6098	  2.8350	  1.0000
  2.8492	  3.3672	  3.0553	  3.3666	  1.0000
  3.2118	  3.3672	  3.8505	  2.9527	  1.0000
  3.5744	  3.3672	  7.7886	  0.5070	  0.0000
  3.9370	  3.3672	  4.6430	  6.4889	  0.0000
  4.2996	  3.3672	  4.3634	  2.1401	  1.0000
  4.6622	  3.3672	  4.3886	  1.8574	  1.0000
  5.0249	  3.3672	  4.1541	  1.9686	  1.0000
  5.3875	  3.3672	  4.0158	  1.5870	  1.0000
  5.7501	  3.3672	  3.8104	  1.4731	  1.0000
  6.1127	  3.3672	 -7.7267	 14.8395	  0.0000
  6.4753	  3.3672	  3.8145	  0.4326	  1.0000
  6.8380	  3.3672	  3.9462	 -0.1034	  1.0000
  7.2006	  3.3672	  3.6055	 -0.4746	  1.0000
  7.5632	  3.3672	  7.7644	-10.9975	  0.0000
  7.9258	  3.3672	  3.3933	 -1.2785	  1.0000
  8.2884	  3.3672	  3.2498	 -1.5018	  1.0000
  8.6511	  3.3672	  3.0565	 -1.7882	  1.0000
  9.0137	  3.3672	  2.7622	 -1.3926	  1.0000
  0.3108	  3.0046	  4.2163	-13.4940	  0.0000
  0.6734	  3.0046	  1.2076	  2.4060	  1.0000
  1.0361	  3.0046	  1.7002	  2.5055	  1.0000
  1.3987	  3.0046	  1.8497	  2.8317	  1.0000
  1.7613	  3.0046	  1.9243	  3.4200	  1.0000
  2.1239	  3.0046	 13.9737	 -3.2208	  0.0000
  2.4865	  3.0046	  3.1383	  3.1382	  1.0000
  2.8492	  3.0046	  3.7853	  3.5916	  1.0000
  3.2118	  3.0046	  4.6901	  3.3046	  1.0000
  3.5744	  3.0046	  4.9376	  3.1769	  1.0000
  3.9370	  3.0046	  5.2637	  2.8259	  1.0000
  4.2996	  3.0046	  7.4562	 -4.8489	  0.0000
  4.6622	  3.0046	  7.7715	 -1.7242	  0.0000
  5.0249	  3.0046	  4.9532	  2.3268	  1.0000
  5.3875	  3.0046	  4.5174	  2.0367	  1.0000
  5.7501	  3.0046	 12.4099	  3.1297	  0.0000
  6.1127	  3.0046	  4.0290	  1.4100	  1.0000
  6.4753	  3.0046	  3.9698	  0.5648	  1.0000
  6.8380	  3.0046	  3.9468	 -0.0035	  1.0000
  7.2006	  3.0046	 12.2127	  0.7028	  0.0000
  7.5632	  3.0046	  3.9123	 -1.4126	  1.0000
  7.9258	  3.0046	  3.6665	 -1.4306	  1.0000
  8.2884	  3.0046	  3.5034	 -1.6439	  1.0000
  8.6511	  3.0046	  3.3290	 -1.8878	  1.0000
  9.0137	  3.0046	 -0.4686	  0.6372	  0.0000
  0.3108	  2.6419	  1.1959	  2.5688	  1.0000
  0.6734	  2.6419	  1.2174	  2.9369	  1.0000
  1.0361	  2.6419	  1.6923	  2.9717	  1.0000
  1.3987	  2.6419	 -1.0077	 -7.7630	  0.0000
  1.7613	  2.6419	  2.0093	  3.6689	  1.0000
  2.1239	  2.6419	  3.1032	  3.4370	  1.0000
  2.4865	  2.6419	 -4.4110	  8.1208	  0.0000
  2.8492	  2.6419	  4.2129	  4.0312	  1.0000
  3.2118	  2.6419	  4.9504	  3.8287	  1.0000
  3.5744	  2.6419	  5.2009	  3.7648	  1.0000
  3.9370	  2.6419	  5.5670	  3.3408	  1.0000
  4.2996	  2.6419	  5.4517	  3.2693	  1.0000
  4.6622	  2.6419	  4.0668	 14.1117	  0.0000
  5.0249	  2.6419	  4.9700	  2.5706	  1.0000
  5.3875	  2.6419	  4.5008	  2.0964	  1.0000
  5.7501	  2.6419	  7.6945	 -8.6708	  0.0000
  6.1127	  2.6419	  3.8277	  0.9791	  1.0000
  6.4753	  2.6419	  3.8489	  0.0460	  1.0000
  6.8380	  2.6419	  3.8539	 -0.2567	  1.0000
  7.2006	  2.6419	  3.6160	 -1.0126	  1.0000
  7.5632	  2.6419	  4.1129	 -1.6271	  1.0000
  7.9258	  2.6419	  3.9316	 -1.5483	  1.0000
  8.2884	  2.6419	  3.8465	 -1.7307	  1.0000
  8.6511	  2.6419	  3.9892	 -1.7415	  1.0000
  9.0137	  2.6419	 -0.3207	  0.8443	  0.0000
  0.3108	  2.2793	  4.4041	  7.7594	  0.0000
  0.6734	  2.2793	 -1.7738	  7.6636	  0.0000
  1.0361	  2.2793	  1.1888	  2.1417	  1.0000
  1.3987	  2.2793	  1.4325	  2.5852	  1.0000
  1.7613	  2.2793	  1.6694	  3.2787	  1.0000
  2.1239	  2.2793	  3.0891	  3.3154	  1.0000
  2.4865	  2.2793	  3.7685	  3.6458	  1.0000
  2.8492	  2.2793	  4.5289	  3.9600	  1.0000
  3.2118	  2.2793	  5.2105	  3.8549	  1.0000
  3.5744	  2.2793	  5.3442	  3.8436	  1.0000
  3.9370	  2.2793	  5.6123	  3.3113	  1.0000
  4.2996	  2.2793	  5.3974	  3.2637	  1.0000
  4.6622	  2.2793	  5.3286	  2.7449	  1.0000
  5.0249	  2.2793	  4.6897	  2.4627	  1.0000
  5.3875	  2.2793	  4.1734	  1.9330	  1.0000
  5.7501	  2.2793	  3.8697	  1.3434	  1.0000
  6.1127	  2.2793	  3.5597	  0.6150	  1.0000
  6.4753	  2.2793	  3.7349	 -0.3281	  1.0000
  6.8380	  2.2793	  3.7640	 -0.5605	  1.0000
  7.2006	  2.2793	  3.4508	 -1.0077	  1.0000
  7.5632	  2.2793	  4.0624	 -1.5734	  1.0000
  7.9258	  2.2793	  3.9755	 -1.4263	  1.0000
  8.2884	  2.2793	  3.9482	 -1.5632	  1.0000
  8.6511	  2.2793	 14.1500	-11.5649	  0.0000
  9.0137	  2.2793	  3.6637	 -0.5587	  1.0000
  0.3108	  1.9167	  0.1388	  1.2398	  1.0000
  0.6734	  1.9167	 -7.6242	  7.7831	  0.0000
  1.0361	  1.9167	  3.4544	  7.6550	  0.0000
  1.3987	  1.9167	 -1.4256	  7.3266	  0.0000
  1.7613	  1.9167	  1.8424	  3.0060	  1.0000
  2.1239	  1.9167	  3.1775	  3.2823	  1.0000
  2.4865	  1.9167	  7.8707	 13.6903	  0.0000
  2.8492	  1.9167	  4.5135	  3.0067	  0.0000
  3.2118	  1.9167	  5.4249	  3.8331	  1.0000
  3.5744	  1.9167	  5.3361	  3.9262	  1.0000
  3.9370	  1.9167	  5.4347	  3.2072	  1.0000
  4.2996	  1.9167	  5.0452	  3.1203	  1.0000
  4.6622	  1.9167	  4.8273	  2.5043	  1.0000
  5.0249	  1.9167	  4.3597	  1.7052	  1.0000
  5.3875	  1.9167	  3.7508	  1.1632	  1.0000
  5.7501	  1.9167	  7.8642	  7.5438	  0.0000
  6.1127	  1.9167	  3.3089	 -0.4277	  1.0000
  6.4753	  1.9167	 -9.1602	  7.6774	  0.0000
  6.8380	  1.9167	  3.6011	 -1.3190	  1.0000
  7.2006	  1.9167	  3.3309	 -1.6281	  1.0000
  7.5632	  1.9167	  3.7738	 -1.7850	  1.0000
  7.9258	  1.9167	  7.9138	 -0.6402	  0.0000
  8.2884	  1.9167	  3.6883	 -1.4024	  1.0000
  8.6511	  1.9167	  3.8808	 -1.1716	  1.0000
  9.0137	  1.9167	  0.0645	  1.4143	  0.0000
  0.3108	  1.5541	 -0.1615	  1.4868	  1.0000
  0.6734	  1.5541	  0.0675	  1.9743	  1.0000
  1.0361	  1.5541	  0.8522	  1.9764	  1.0000
  1.3987	  1.5541	  1.2475	  2.4853	  1.0000
  1.7613	  1.5541	  7.6542	  7.7936	  0.0000
  2.1239	  1.5541	  3.1767	  2.8658	  1.0000
  2.4865	  1.5541	  3.9393	  3.2977	  1.0000
  2.8492	  1.5541	  7.0262	 -7.8679	  0.0000
  3.2118	  1.5541	 11.7235	 12.2635	  0.0000
  3.5744	  1.5541	  4.8193	  3.7911	  1.0000
  3.9370	  1.5541	  4.7350	  2.8345	  1.0000
  4.2996	  1.5541	  4.2966	  2.5370	  1.0000
  4.6622	  1.5541	  3.6420	  1.8258	  1.0000
  5.0249	  1.5541	  3.3240	  0.7310	  1.0000
  5.3875	  1.5541	  2.9801	  0.1306	  1.0000
  5.7501	  1.5541	  2.7531	 -0.9959	  1.0000
  6.1127	  1.5541	  2.5735	 -1.9252	  1.0000
  6.4753	  1.5541	  2.8438	 -2.4143	  1.0000
  6.8380	  1.5541	  2.7766	 -2.3170	  1.0000
  7.2006	  1.5541	 -5.8923	 -9.3956	  0.0000
  7.5632	  1.5541	  7.5853	 -7.9478	  0.0000
  7.9258	  1.5541	  2.7628	 12.6052	  0.0000
  8.2884	  1.5541	  3.0944	 -1.4053	  1.0000
  8.6511	  1.5541	  5.0781	  7.7739	  0.0000
  9.0137	  1.5541	  3.0631	 -0.1292	  1.0000
  0.3108	  1.1915	  7.5350	 -6.5642	  0.0000
  0.6734	  1.1915	 -9.3887	 -6.0112	  0.0000
  1.0361	  1.1915	 -5.8073	 -4.0905	  0.0000
  1.3987	  1.1915	  0.1000	  0.4540	  0.0000
  1.7613	  1.1915	  1.8448	  2.5163	  1.0000
  2.1239	  1.1915	  3.3472	  2.8086	  1.0000
  2.4865	  1.1915	  4.1531	  3.2997	  1.0000
  2.8492	  1.1915	  4.6184	  3.2038	  1.0000
  3.2118	  1.1915	  5.2127	  3.4473	  1.0000
  3.5744	  1.1915	  4.8678	  3.4149	  1.0000
  3.9370	  1.1915	  4.5330	  2.4004	  1.0000
  4.2996	  1.1915	  4.0751	  2.0744	  1.0000
  4.6622	  1.1915	  3.2719	  1.5375	  1.0000
  5.0249	  1.1915	  2.9808	  0.3106	  1.0000
  5.3875	  1.1915	  2.6566	 -0.3164	  1.0000
  5.7501	  1.1915	  2.4702	 -1.5435	  1.0000
  6.1127	  1.1915	  2.2956	 -2.2714	  1.0000
  6.4753	  1.1915	  2.6226	 -2.6874	  1.0000
  6.8380	  1.1915	  2.5276	 -2.4236	  1.0000
  7.2006	  1.1915	  2.7163	 -2.7316	  1.0000
  7.5632	  1.1915	  7.9001	 -7.7700	  0.0000
  7.9258	  1.1915	 -0.1552	  1.2322	  0.0000
  8.2884	  1.1915	  3.0260	 -1.3846	  1.0000
  8.6511	  1.1915	  3.3931	 -0.9118	  1.0000
  9.0137	  1.1915	  3.0157	  0.0866	  1.0000
  0.3108	  0.8288	  0.3499	  0.5862	  0.0000
  0.6734	  0.8288	  0.0394	  0.6885	  0.0000
  1.0361	  0.8288	  0.5858	  1.4472	  1.0000
  1.3987	  0.8288	 -0.0234	  0.5888	  0.0000
  1.7613	  0.8288	 -4.7586	  6.5845	  0.0000
  2.1239	  0.8288	  3.3839	  2.7243	  1.0000
  2.4865	  0.8288	  4.2104	  3.2235	  1.0000
  2.8492	  0.8288	  4.6013	  3.0958	  1.0000
  3.2118	  0.8288	  5.1169	  3.3612	  1.0000
  3.5744	  0.8288	  7.7231	  7.5888	  0.0000
  3.9370	  0.8288	  4.1531	  2.1368	  1.0000
  4.2996	  0.8288	  3.6681	  1.7708	  1.0000
  4.6622	  0.8288	  2.7829	  1.0796	  1.0000
  5.0249	  0.8288	  2.5296	 -0.3323	  1.0000
  5.3875	  0.8288	  2.2208	 -0.9752	  1.0000
  5.7501	  0.8288	  2.0916	 -2.3252	  1.0000
  6.1127	  0.8288	  2.0289	 -3.1405	  1.0000
  6.4753	  0.8288	  2.4488	 -3.4818	  1.0000
  6.8380	  0.8288	  7.6708	 -7.6216	  0.0000
  7.2006	  0.8288	  2.5058	 -3.1682	  1.0000
  7.5632	  0.8288	  2.7338	 -7.7579	  0.0000
  7.9258	  0.8288	  2.6778	 -1.5407	  1.0000
  8.2884	  0.8288	  2.5088	 -1.1543	  1.0000
  8.6511	  0.8288	  2.8176	 -0.4842	  1.0000
  9.0137	  0.8288	  2.2792	  0.7830	  1.0000
  0.3108	  0.4662	  0.1583	  0.7470	  0.0000
  0.6734	  0.4662	  0.1069	  0.7360	  0.0000
  1.0361	  0.4662	  0.0836	  0.5780	  0.0000
  1.3987	  0.4662	 -0.0010	  0.5893	  0.0000
  1.7613	  0.4662	  1.8958	  1.2109	  1.0000
  2.1239	  0.4662	 14.0571	 -6.0071	  0.0000
  2.4865	  0.4662	  4.2920	  2.6645	  1.0000
  2.8492	  0.4662	  4.4732	  2.6515	  1.0000
  3.2118	  0.4662	  4.8587	  2.8768	  1.0000
  3.5744	  0.4662	  4.0127	  2.9056	  1.0000
  3.9370	  0.4662	 -8.0759	 -4.6949	  0.0000
  4.2996	  0.4662	  2.8329	  1.3666	  1.0000
  4.6622	  0.4662	  1.6950	  0.3615	  1.0000
  5.0249	  0.4662	  1.4242	 -1.1936	  1.0000
  5.3875	  0.4662	  1.6219	 -2.1564	  1.0000
  5.7501	  0.4662	 -7.6877	 -5.2652	  0.0000
  6.1127	  0.4662	 10.8433	-13.3831	  0.0000
  6.4753	  0.4662	  2.2995	 -4.7683	  1.0000
  6.8380	  0.4662	  2.0435	 -4.0554	  1.0000
  7.2006	  0.4662	  2.4161	 -3.9416	  1.0000
  7.5632	  0.4662	  2.4518	 -2.8870	  1.0000
  7.9258	  0.4662	 -7.5536	 -2.6863	  0.0000
  8.2884	  0.4662	  2.1297	 -1.2114	  1.0000
  8.6511	  0.4662	  2.4823	 -0.4221	  1.0000
  9.0137	  0.4662	  1.8244	  1.0893	  1.0000
