# x	y	u	v	mask
  0.3108	  6.9934	 -4.3605	 -1.8879	  1.0000
  0.6734	  6.9934	 -0.2398	 -0.6527	  0.0000
  1.0361	  6.9934	 -2.8037	 -0.7940	  0.0000
  1.3987	  6.9934	  4.7689	 -7.2605	  0.0000
  1.7613	  6.9934	-12.5942	 -7.6060	  0.0000
  2.1239	  6.9934	 -3.6577	 -0.7380	  1.0000
  2.4865	  6.9934	 -3.4850	 -0.7288	  1.0000
  2.8492	  6.9934	 -3.0853	 -0.3999	  1.0000
  3.2118	  6.9934	 -7.7310	  7.9297	  0.0000
  3.5744	  6.9934	 -5.2344	 -1.4203	  0.0000
  3.9370	  6.9934	 -0.4703	  0.0722	  1.0000
  4.2996	  6.9934	  0.3894	 -0.2479	  1.0000
  4.6622	  6.9934	  1.0784	 -0.4189	  1.0000
  5.0249	  6.9934	  1.8322	 -1.1363	  1.0000
  5.3875	  6.9934	  1.4103	 -0.9658	  1.0000
  5.7501	  6.9934	  1.9085	 -0.5292	  1.0000
  6.1127	  6.9934	  2.1514	 -1.1913	  1.0000
  6.4753	  6.9934	  1.2004	 -0.5600	  1.0000
  6.8380	  6.9934	  0.5298	 -0.1876	  1.0000
  7.2006	  6.9934	 -0.1926	 -0.4883	  1.0000
  7.5632	  6.9934	 -1.5316	  0.1187	  1.0000
  7.9258	  6.9934	 -2.0857	 -0.3236	  1.0000
  8.2884	  6.9934	 -7.7397	 -3.3124	  0.0000
  8.6511	  6.9934	 -3.7345	 -0.7010	  1.0000
  9.0137	  6.9934	 -7.6726	 -7.7136	  0.0000
  0.3108	  6.6308	-11.4143	  7.5238	  0.0000
  0.6734	  6.6308	-13.2968	-11.4724	  0.0000
  1.0361	  6.6308	 -9.0729	  6.2797	  0.0000
  1.3987	  6.6308	 -4.1024	 -1.7596	  1.0000
  1.7613	  6.6308	 -3.7756	 -1.8096	  1.0000
  2.1239	  6.6308	 -3.3317	 -0.5893	  1.0000
  2.4865	  6.6308	 -3.0591	 -0.4690	  1.0000
  2.8492	  6.6308	 -2.5841	 -0.1141	  1.0000
  3.2118	  6.6308	 -1.8128	  0.3401	  1.0000
  3.5744	  6.6308	 -1.3348	  0.7550	  1.0000
  3.9370	  6.6308	 -0.3946	  0.2917	  1.0000
  4.2996	  6.6308	  0.3838	  0.0779	  1.0000
  4.6622	  6.6308	 13.3743	 12.4517	  0.0000
  5.0249	  6.6308	  1.3095	 -1.0074	  1.0000
  5.3875	  6.6308	  0.8909	 -0.9117	  1.0000
  5.7501	  6.6308	  1.2060	 -0.5495	  1.0000
  6.1127	  6.6308	 -0.3641	 -1.0367	  0.0000
  6.4753	  6.6308	-11.3039	  1.5702	  0.0000
  6.8380	  6.6308	  0.1827	 -0.1805	  1.0000
  7.2006	  6.6308	 -0.4293	 -0.4390	  1.0000
  7.5632	  6.6308	  1.1042	 -4.6105	  0.0000
  7.9258	  6.6308	 -1.9757	 -0.2803	  1.0000
  8.2884	  6.6308	 -0.8069	 -0.5081	  0.0000
  8.6511	  6.6308	 -7.6789	  0.0322	  0.0000
  9.0137	  6.6308	 -4.1339	 -0.9247	  1.0000
  0.3108	  6.2681	 -4.2688	 -1.8603	  1.0000
  0.6734	  6.2681	 -4.4229	 -2.0874	  1.0000
  1.0361	  6.2681	 -0.7546	 -0.7348	  0.0000
  1.3987	  6.2681	 -4.0436	 -1.6712	  1.0000
  1.7613	  6.2681	 -3.5281	 -1.5391	  1.0000
  2.1239	  6.2681	 -3.0301	 -1.3165	  0.0000
  2.4865	  6.2681	 -2.6869	 -0.1789	  1.0000
  2.8492	  6.2681	 -2.2295	  0.1814	  1.0000
  3.2118	  6.2681	 -1.4904	  0.5634	  1.0000
  3.5744	  6.2681	 -4.6790	 -0.6602	  0.0000
  3.9370	  6.2681	  1.6887	 -6.6625	  0.0000
  4.2996	  6.2681	  0.4510	  0.2163	  1.0000
  4.6622	  6.2681	 -7.7268	 -2.3199	  0.0000
  5.0249	  6.2681	 10.4300	 -5.6237	  0.0000
  5.3875	  6.2681	 13.6128	 -6.4037	  0.0000
  5.7501	  6.2681	 -3.9865	 -1.8838	  0.0000
  6.1127	  6.2681	 10.7883	-13.5451	  0.0000
  6.4753	  6.2681	  0.0222	 -0.3702	  1.0000
  6.8380	  6.2681	  9.6245	 10.4142	  0.0000
  7.2006	  6.2681	 -2.7013	  0.3867	  0.0000
  7.5632	  6.2681	  9.7079	  3.7872	  0.0000
  7.9258	  6.2681	 -2.0160	 -0.1308	  1.0000
  8.2884	  6.2681	 -2.4291	 -0.6873	  1.0000
  8.6511	  6.2681	-14.4267	  0.7899	  0.0000
  9.0137	  6.2681	 -3.5212	 -0.8119	  1.0000
  0.3108	  5.9055	 -3.9284	 -2.0817	  1.0000
  0.6734	  5.9055	  0.2682	 -7.5525	  0.0000
  1.0361	  5.9055	 -3.9283	 -1.8888	  1.0000
  1.3987	  5.9055	 -3.7381	 -1.6939	  1.0000
  1.7613	  5.9055	 -3.3133	 -1.4878	  1.0000
  2.1239	  5.9055	 -2.9527	 -0.4232	  1.0000
  2.4865	  5.9055	 -2.5898	 -0.0875	  1.0000
  2.8492	  5.9055	 -2.2563	  0.2164	  1.0000
  3.2118	  5.9055	 -0.6275	 -1.3894	  0.0000
  3.5744	  5.9055	 -0.7369	  1.3533	  1.0000
  3.9370	  5.9055	 -0.0718	  1.0625	  1.0000
  4.2996	  5.9055	 -4.0004	 -0.6345	  0.0000
  4.6622	  5.9055	 -9.2720	  2.9915	  0.0000
  5.0249	  5.9055	 13.8060	 -5.7889	  0.0000
  5.3875	  5.9055	 -5.3140	 -0.9365	  0.0000
  5.7501	  5.9055	  6.1111	  5.9933	  0.0000
  6.1127	  5.9055	 -5.0862	 -0.9396	  0.0000
  6.4753	  5.9055	 -0.4983	 -0.2708	  1.0000
  6.8380	  5.9055	 -0.5190	  0.2965	  1.0000
  7.2006	  5.9055	  6.7903	 -4.9985	  0.0000
  7.5632	  5.9055	 -6.8061	  2.9406	  0.0000
  7.9258	  5.9055	 -1.8193	  0.1342	  1.0000
  8.2884	  5.9055	 -2.1250	 -0.2973	  1.0000
  8.6511	  5.9055	 -2.3104	 -0.3016	  1.0000
  9.0137	  5.9055	 -2.7654	 -0.4862	  1.0000
  0.3108	  5.5429	 -3.6524	 -2.2625	  1.0000
  0.6734	  5.5429	 -3.5605	 -2.0838	  1.0000
  1.0361	  5.5429	 -3.4371	 -1.7649	  1.0000
  1.3987	  5.5429	 -3.2559	 -1.5459	  1.0000
  1.7613	  5.5429	 -3.0526	 -1.2291	  1.0000
  2.1239	  5.5429	 -4.4866	 -0.8857	  0.0000
  2.4865	  5.5429	 -1.7296	 -0.3784	  1.0000
  2.8492	  5.5429	 -3.7494	 -1.4229	  0.0000
  3.2118	  5.5429	  5.7234	 10.2521	  0.0000
  3.5744	  5.5429	 -0.1339	  0.8951	  1.0000
  3.9370	  5.5429	  0.3560	  0.5938	  1.0000
  4.2996	  5.5429	  0.6449	  0.0952	  1.0000
  4.6622	  5.5429	  0.3797	  0.1545	  1.0000
  5.0249	  5.5429	 -7.6286	 -2.9396	  0.0000
  5.3875	  5.5429	 -0.6132	 -0.2196	  1.0000
  5.7501	  5.5429	 -0.7254	 -0.2552	  1.0000
  6.1127	  5.5429	 -1.0904	 -0.8916	  1.0000
  6.4753	  5.5429	 -1.3308	 -0.5308	  1.0000
  6.8380	  5.5429	 -1.2009	 -0.0176	  1.0000
  7.2006	  5.5429	 -1.2849	 -0.1573	  1.0000
  7.5632	  5.5429	 -1.6735	  0.0449	  1.0000
  7.9258	  5.5429	 -1.3422	 -0.3152	  1.0000
  8.2884	  5.5429	 -1.7236	 -0.6396	  1.0000
  8.6511	  5.5429	 -1.6898	 -0.5227	  1.0000
  9.0137	  5.5429	 -2.0065	 -0.6995	  1.0000
  0.3108	  5.1803	-12.4502	  0.7263	  0.0000
  0.6734	  5.1803	  0.0484	  0.2428	  0.0000
  1.0361	  5.1803	 -2.4093	 -1.7485	  1.0000
  1.3987	  5.1803	 -2.3302	 -1.5400	  1.0000
  1.7613	  5.1803	 -2.5022	 -0.8763	  1.0000
  2.1239	  5.1803	 -2.3484	 -1.5983	  0.0000
  2.4865	  5.1803	 -4.9350	 -2.2553	  0.0000
  2.8492	  5.1803	 -2.2377	  8.0207	  0.0000
  3.2118	  5.1803	 -0.5279	  0.7093	  1.0000
  3.5744	  5.1803	  8.8325	  7.2200	  0.0000
  3.9370	  5.1803	  0.0806	  0.4573	  1.0000
  4.2996	  5.1803	  0.4159	 -0.1193	  1.0000
  4.6622	  5.1803	 -0.0284	 -0.0947	  1.0000
  5.0249	  5.1803	 -4.2199	 -0.1057	  0.0000
  5.3875	  5.1803	 -1.1122	 -0.4319	  1.0000
  5.7501	  5.1803	 -1.5271	 -0.4671	  1.0000
  6.1127	  5.1803	 -1.7455	 -0.8849	  1.0000
  6.4753	  5.1803	 -6.4561	 -1.4114	  0.0000
  6.8380	  5.1803	 -7.7277	  7.7310	  0.0000
  7.2006	  5.1803	 -4.6510	 -3.0051	  0.0000
  7.5632	  5.1803	 -1.3160	 -0.0466	  1.0000
  7.9258	  5.1803	 -0.2862	  0.1903	  0.0000
  8.2884	  5.1803	 -1.1838	 -0.6326	  1.0000
  8.6511	  5.1803	 -0.8657	 -0.4912	  1.0000
  9.0137	  5.1803	 -1.3691	 -0.8051	  1.0000
  0.3108	  4.8177	 -1.4910	 -2.5889	  1.0000
  0.6734	  4.8177	 -3.2618	 -7.8525	  0.0000
  1.0361	  4.8177	 -1.9358	 -1.3085	  1.0000
  1.3987	  4.8177	 -1.9382	 -1.2273	  1.0000
  1.7613	  4.8177	 -2.2515	 -0.5070	  1.0000
  2.1239	  4.8177	 -1.9881	 -0.1177	  1.0000
  2.4865	  4.8177	 -1.5103	  0.0775	  1.0000
  2.8492	  4.8177	 -1.3426	  0.6169	  1.0000
  3.2118	  4.8177	 -0.6864	  0.7475	  1.0000
  3.5744	  4.8177	 -4.0416	  1.5858	  0.0000
  3.9370	  4.8177	 -4.8328	 -1.4528	  0.0000
  4.2996	  4.8177	 11.6249	 14.6507	  0.0000
  4.6622	  4.8177	  7.5357	  9.9343	  0.0000
  5.0249	  4.8177	 -1.5669	  0.0198	  1.0000
  5.3875	  4.8177	 -9.4567	 -8.7971	  0.0000
  5.7501	  4.8177	 -3.8331	 -1.0897	  0.0000
  6.1127	  4.8177	  3.0942	  6.8978	  0.0000
  6.4753	  4.8177	 -2.8687	 -0.6151	  1.0000
  6.8380	  4.8177	 -2.2674	 -0.3798	  1.0000
  7.2006	  4.8177	 -7.1333	  7.1531	  0.0000
  7.5632	  4.8177	 -1.4466	 -0.7059	  1.0000
  7.9258	  4.8177	  7.7153	  7.8312	  0.0000
  8.2884	  4.8177	 -1.0109	 -0.9306	  1.0000
  8.6511	  4.8177	 -0.5586	  0.2865	  0.0000
  9.0137	  4.8177	 -0.4090	 -1.0056	  1.0000
  0.3108	  4.4550	  7.4043	 -7.7446	  0.0000
  0.6734	  4.4550	  0.5444	 -7.7989	  0.0000
  1.0361	  4.4550	 -1.1416	 -0.8150	  1.0000
  1.3987	  4.4550	 -1.2432	 -0.8480	  1.0000
  1.7613	  4.4550	 -1.7001	 -0.1159	  1.0000
  2.1239	  4.4550	 -1.5142	  0.1950	  1.0000
  2.4865	  4.4550	 -1.3045	  0.0894	  1.0000
  2.8492	  4.4550	 -3.9794	 -2.0756	  0.0000
  3.2118	  4.4550	  7.1565	-14.1984	  0.0000
  3.5744	  4.4550	 11.7515	-12.4316	  0.0000
  3.9370	  4.4550	 -3.2326	  7.9007	  0.0000
  4.2996	  4.4550	 -0.4065	 -0.0635	  1.0000
  4.6622	  4.4550	 -1.0668	 -0.1828	  1.0000
  5.0249	  4.4550	 -1.9582	 -0.2590	  1.0000
  5.3875	  4.4550	 -2.6358	 -0.2612	  1.0000
  5.7501	  4.4550	 -2.9484	 -0.5139	  1.0000
  6.1127	  4.4550	-13.0359	-11.3297	  0.0000
  6.4753	  4.4550	-12.5311	 11.5762	  0.0000
  6.8380	  4.4550	  7.6735	 -7.8050	  0.0000
  7.2006	  4.4550	 -4.5955	 -7.4573	  0.0000
  7.5632	  4.4550	 -1.4043	 -1.2480	  1.0000
  7.9258	  4.4550	 -0.5418	 -1.6204	  1.0000
  8.2884	  4.4550	 -0.5843	 -1.6350	  1.0000
  8.6511	  4.4550	 -0.6765	-13.6714	  0.0000
  9.0137	  4.4550	  0.0836	 -1.7649	  1.0000
  0.3108	  4.0924	  0.6759	 -2.2716	  1.0000
  0.6734	  4.0924	  0.1934	 -1.6544	  1.0000
  1.0361	  4.0924	 -0.2345	 -0.7985	  1.0000
  1.3987	  4.0924	  0.0857	 -7.7768	  0.0000
  1.7613	  4.0924	 -1.1276	  0.1718	  1.0000
  2.1239	  4.0924	 -3.6104	 13.4314	  0.0000
  2.4865	  4.0924	 -1.2662	 -0.0251	  1.0000
  2.8492	  4.0924	 -9.3573	  5.7743	  0.0000
  3.2118	  4.0924	 -0.9253	  0.3726	  1.0000
  3.5744	  4.0924	 -6.6429	 -2.2164	  0.0000
  3.9370	  4.0924	 -0.5190	  0.2331	  1.0000
  4.2996	  4.0924	 11.3657	 -0.5385	  0.0000
  4.6622	  4.0924	 -0.9046	  0.1832	  1.0000
  5.0249	  4.0924	 -1.7232	  0.1844	  1.0000
  5.3875	  4.0924	 -2.3162	  0.1924	  1.0000
  5.7501	  4.0924	 -5.0235	 -2.1006	  0.0000
  6.1127	  4.0924	-14.3881	 -0.6424	  0.0000
  6.4753	  4.0924	 -5.3790	 -0.8251	  0.0000
  6.8380	  4.0924	 -2.4989	 -0.9637	  1.0000
  7.2006	  4.0924	 -5.9013	 -1.6287	  0.0000
  7.5632	  4.0924	 12.1018	 -0.5544	  0.0000
  7.9258	  4.0924	 -0.5391	 -2.0226	  1.0000
  8.2884	  4.0924	 -0.4381	 -1.9378	  1.0000
  8.6511	  4.0924	  0.5493	 -2.0599	  1.0000
  9.0137	  4.0924	 -0.4771	 -0.2005	  0.0000
  0.3108	  3.7298	  1.7164	 -1.7841	  1.0000
  0.6734	  3.7298	  2.1813	  7.6423	  0.0000
  1.0361	  3.7298	 -0.8468	 -1.7566	  0.0000
  1.3987	  3.7298	  0.1765	 -0.1771	  1.0000
  1.7613	  3.7298	 -0.7399	  0.7621	  1.0000
  2.1239	  3.7298	 -5.0220	  7.5526	  0.0000
  2.4865	  3.7298	 -2.9888	 -2.6145	  0.0000
  2.8492	  3.7298	 -1.6704	  0.6384	  1.0000
  3.2118	  3.7298	 -1.1926	  0.4676	  1.0000
  3.5744	  3.7298	 -1.0183	  0.0311	  1.0000
  3.9370	  3.7298	 -1.0730	 -0.1007	  1.0000
  4.2996	  3.7298	 -7.5931	 -9.2454	  0.0000
  4.6622	  3.7298	 -1.4661	 -0.0912	  1.0000
  5.0249	  3.7298	 -2.0480	  0.2001	  1.0000
  5.3875	  3.7298	 -2.7965	  0.0427	  1.0000
  5.7501	  3.7298	 -3.2233	 -0.5121	  1.0000
  6.1127	  3.7298	 -3.7484	 -0.7590	  1.0000
  6.4753	  3.7298	 -3.3752	 -1.0464	  1.0000
  6.8380	  3.7298	  7.8339	 -8.2631	  0.0000
  7.2006	  3.7298	 -4.9897	 -1.1511	  0.0000
  7.5632	  3.7298	 -7.6280	 -1.5787	  0.0000
  7.9258	  3.7298	 -0.4137	 -2.3819	  1.0000
  8.2884	  3.7298	 -0.3531	 -2.1897	  1.0000
  8.6511	  3.7298	  0.5455	 -2.3968	  1.0000
  9.0137	  3.7298	  0.6508	 -2.4431	  1.0000
  0.3108	  3.3672	  2.4567	 -0.9684	  1.0000
  0.6734	  3.3672	  1.8638	 -0.3724	  1.0000
  1.0361	  3.3672	  7.5964	  7.6644	  0.0000
  1.3987	  3.3672	  0.7523	  0.4692	  1.0000
  1.7613	  3.3672	 -0.2435	  1.2540	  1.0000
  2.1239	  3.3672	 -0.6693	  1.1940	  1.0000
  2.4865	  3.3672	 -1.1893	  0.4830	  1.0000
  2.8492	  3.3672	 -1.4884	  1.0170	  1.0000
  3.2118	  3.3672	 -1.3953	  0.5054	  1.0000
  3.5744	  3.3672	 -1.4731	 -0.1714	  1.0000
  3.9370	  3.3672	 -1.5905	 -0.3884	  1.0000
  4.2996	  3.3672	 -5.5024	 -2.0869	  0.0000
  4.6622	  3.3672	 -1.4606	 -0.5162	  1.0000
  5.0249	  3.3672	 -2.1632	 -0.3753	  1.0000
  5.3875	  3.3672	 -5.2082	 -1.0626	  0.0000
  5.7501	  3.3672	 -2.9634	 -0.8663	  1.0000
  6.1127	  3.3672	 -3.4415	 -1.3957	  0.0000
  6.4753	  3.3672	 -7.6169	 -1.8347	  0.0000
  6.8380	  3.3672	 -2.4088	 -1.5830	  1.0000
  7.2006	  3.3672	 -2.2847	 -2.0218	  1.0000
  7.5632	  3.3672	  7.9079	 -7.8935	  0.0000
  7.9258	  3.3672	  0.0157	 -2.9766	  1.0000
  8.2884	  3.3672	  0.0902	 -2.8858	  1.0000
  8.6511	  3.3672	  0.8979	 -3.0078	  1.0000
  9.0137	  3.3672	  0.9046	 -3.2573	  1.0000
  0.3108	  3.0046	  3.1212	-13.1140	  0.0000
  0.6734	  3.0046	  2.0126	  0.2606	  1.0000
  1.0361	  3.0046	  1.3799	  0.9520	  1.0000
  1.3987	  3.0046	  7.6258	 -7.4213	  0.0000
  1.7613	  3.0046	  0.0411	  1.8391	  1.0000
  2.1239	  3.0046	 -0.5976	  2.0059	  1.0000
  2.4865	  3.0046	 -2.6119	 -2.1488	  0.0000
  2.8492	  3.0046	 -1.9311	  1.9591	  1.0000
  3.2118	  3.0046	 -2.0046	  1.3717	  1.0000
  3.5744	  3.0046	 -4.1406	 -2.0440	  0.0000
  3.9370	  3.0046	 -1.9927	  0.6061	  1.0000
  4.2996	  3.0046	  7.7911	  0.0861	  0.0000
  4.6622	  3.0046	 -1.6218	  0.0488	  1.0000
  5.0249	  3.0046	 -1.5036	 -0.1317	  1.0000
  5.3875	  3.0046	 -5.5234	 10.0185	  0.0000
  5.7501	  3.0046	 10.8423	 10.3793	  0.0000
  6.1127	  3.0046	 -2.2331	 -0.6296	  1.0000
  6.4753	  3.0046	 -1.7152	 -0.8796	  1.0000
  6.8380	  3.0046	 -7.1715	 -6.6817	  0.0000
  7.2006	  3.0046	 -6.5581	 -0.7129	  0.0000
  7.5632	  3.0046	 -0.5867	 -1.9352	  1.0000
  7.9258	  3.0046	  0.3157	 -2.1980	  1.0000
  8.2884	  3.0046	  0.3095	 -2.4230	  1.0000
  8.6511	  3.0046	  1.0431	 -2.6514	  1.0000
  9.0137	  3.0046	  1.0329	 -2.8320	  1.0000
  0.3108	  2.6419	  2.5821	  0.4415	  1.0000
  0.6734	  2.6419	  2.2944	  1.0107	  1.0000
  1.0361	  2.6419	  1.8891	  1.6182	  1.0000
  1.3987	  2.6419	  1.2920	  1.7121	  1.0000
  1.7613	  2.6419	  0.6291	  2.4860	  1.0000
  2.1239	  2.6419	 -2.4698	 -0.5511	  0.0000
  2.4865	  2.6419	 -4.1278	 11.4780	  0.0000
  2.8492	  2.6419	 -1.4774	  2.5938	  1.0000
  3.2118	  2.6419	 -2.0263	  1.9204	  1.0000
  3.5744	  2.6419	 -7.5974	 -7.7040	  0.0000
  3.9370	  2.6419	  7.6997	  8.0131	  0.0000
  4.2996	  2.6419	 -2.3158	  0.6246	  1.0000
  4.6622	  2.6419	-11.8538	 -5.2087	  0.0000
  5.0249	  2.6419	 -5.2136	 -1.6188	  0.0000
  5.3875	  2.6419	 -2.8959	 -1.5899	  0.0000
  5.7501	  2.6419	 -1.4426	 -0.2134	  1.0000
  6.1127	  2.6419	 -6.5059	 -2.1035	  0.0000
  6.4753	  2.6419	 -6.9270	 -1.8172	  0.0000
  6.8380	  2.6419	 -5.1543	  0.7019	  0.0000
  7.2006	  2.6419	 -0.8761	 -1.6305	  1.0000
  7.5632	  2.6419	 -6.9222	 -1.5205	  0.0000
  7.9258	  2.6419	  0.5278	 -2.2207	  1.0000
  8.2884	  2.6419	  0.3123	 -2.3979	  1.0000
  8.6511	  2.6419	  0.8703	 -2.6629	  1.0000
  9.0137	  2.6419	  1.4358	 -2.8872	  1.0000
  0.3108	  2.2793	  3.5688	  7.6644	  0.0000
  0.6734	  2.2793	  2.2640	  0.5967	  1.0000
  1.0361	  2.2793	  1.9783	  1.2005	  1.0000
  1.3987	  2.2793	  1.4148	  1.5542	  1.0000
  1.7613	  2.2793	  0.6942	  2.5914	  1.0000
  2.1239	  2.2793	 -0.1049	  3.1077	  1.0000
  2.4865	  2.2793	 -1.0246	  2.9749	  1.0000
  2.8492	  2.2793	 -1.5664	  3.3938	  1.0000
  3.2118	  2.2793	 -2.0520	  2.9593	  1.0000
  3.5744	  2.2793	 -2.5038	  2.6120	  1.0000
  3.9370	  2.2793	 -2.6795	  2.2111	  1.0000
  4.2996	  2.2793	 -2.5869	  1.5504	  1.0000
  4.6622	  2.2793	 -2.0900	  1.3054	  1.0000
  5.0249	  2.2793	 -5.1592	 -1.6738	  0.0000
  5.3875	  2.2793	 13.4873	-11.9809	  0.0000
  5.7501	  2.2793	 -1.5114	  0.4498	  1.0000
  6.1127	  2.2793	 -1.3432	  0.0675	  1.0000
  6.4753	  2.2793	 -0.8861	 -0.2796	  1.0000
  6.8380	  2.2793	 -0.3757	 -0.5177	  1.0000
  7.2006	  2.2793	 -0.3817	 -1.0936	  1.0000
  7.5632	  2.2793	  3.4794	  0.6424	  0.0000
  7.9258	  2.2793	  1.0741	 -1.9677	  1.0000
  8.2884	  2.2793	  1.0865	 -2.2909	  1.0000
  8.6511	  2.2793	  7.2130	-10.4323	  0.0000
  9.0137	  2.2793	  1.9876	 -2.8247	  1.0000
  0.3108	  1.9167	  2.0081	 -0.2649	  1.0000
  0.6734	  1.9167	  1.7569	  0.6019	  1.0000
  1.0361	  1.9167	  3.0679	  7.5974	  0.0000
  1.3987	  1.9167	  1.0887	  1.8162	  1.0000
  1.7613	  1.9167	  0.4598	  3.0020	  1.0000
  2.1239	  1.9167	 -0.3360	  3.6576	  1.0000
  2.4865	  1.9167	 -1.1971	  3.8362	  1.0000
  2.8492	  1.9167	 -1.7961	  4.4268	  1.0000
  3.2118	  1.9167	 -2.2312	  4.1178	  1.0000
  3.5744	  1.9167	 -6.0352	  7.7581	  0.0000
  3.9370	  1.9167	 -2.9392	  3.3222	  1.0000
  4.2996	  1.9167	 -5.2822	 -2.1730	  0.0000
  4.6622	  1.9167	  7.5266	  9.0389	  0.0000
  5.0249	  1.9167	 -1.4127	  1.6993	  1.0000
  5.3875	  1.9167	 -1.6080	  1.2115	  1.0000
  5.7501	  1.9167	 -1.0318	  0.9653	  1.0000
  6.1127	  1.9167	  9.3973	 -6.8868	  0.0000
  6.4753	  1.9167	 -6.2926	 -1.1739	  0.0000
  6.8380	  1.9167	 13.1640	 10.9098	  0.0000
  7.2006	  1.9167	  0.1007	 -0.7603	  1.0000
  7.5632	  1.9167	  0.4337	 -1.0703	  1.0000
  7.9258	  1.9167	  1.2952	 -1.5117	  1.0000
  8.2884	  1.9167	  1.2211	 -1.7940	  1.0000
  8.6511	  1.9167	  1.5807	 -2.0492	  1.0000
  9.0137	  1.9167	 -0.4655	 -1.0896	  0.0000
  0.3108	  1.5541	  1.4987	  0.2712	  1.0000
  0.6734	  1.5541	  1.3839	  1.0056	  1.0000
  1.0361	  1.5541	  1.2718	  1.6694	  1.0000
  1.3987	  1.5541	  0.8904	  2.3225	  1.0000
  1.7613	  1.5541	  7.6455	  7.5992	  0.0000
  2.1239	  1.5541	  7.9142	 15.1586	  0.0000
  2.4865	  1.5541	 -1.2534	  4.7234	  1.0000
  2.8492	  1.5541	 -1.7683	  5.3144	  1.0000
  3.2118	  1.5541	 -2.5522	  5.2204	  1.0000
  3.5744	  1.5541	 -3.1496	  4.9961	  1.0000
  3.9370	  1.5541	 -3.2221	  4.4130	  1.0000
  4.2996	  1.5541	 -3.1853	  3.4628	  1.0000
  4.6622	  1.5541	 -2.7876	  2.5918	  1.0000
  5.0249	  1.5541	 -7.7462	  7.7337	  0.0000
  5.3875	  1.5541	 -2.0781	  1.2200	  1.0000
  5.7501	  1.5541	 -1.0472	  0.8851	  1.0000
  6.1127	  1.5541	 -0.4766	  0.3335	  1.0000
  6.4753	  1.5541	 -0.2174	 -0.1278	  1.0000
  6.8380	  1.5541	  7.5391	 -2.7673	  0.0000
  7.2006	  1.5541	  0.5576	 -0.5163	  1.0000
  7.5632	  1.5541	 -5.2284	  0.5883	  0.0000
  7.9258	  1.5541	  6.6332	 -1.7377	  0.0000
  8.2884	  1.5541	 -0.5004	 -1.1772	  0.0000
  8.6511	  1.5541	  1.8141	 -1.8258	  1.0000
  9.0137	  1.5541	  2.2903	 -2.0147	  1.0000
  0.3108	  1.1915	  6.9191	 -8.6952	  0.0000
  0.6734	  1.1915	  1.1350	  0.7064	  1.0000
  1.0361	  1.1915	 -6.5345	 -5.6578	  0.0000
  1.3987	  1.1915	  0.0438	 -1.4947	  0.0000
  1.7613	  1.1915	  0.4102	  3.3032	  1.0000
  2.1239	  1.1915	 -0.3205	  4.3265	  1.0000
  2.4865	  1.1915	 -1.1256	  5.1297	  1.0000
  2.8492	  1.1915	 -1.8676	  5.7045	  1.0000
  3.2118	  1.1915	 -7.8560	  8.9574	  0.0000
  3.5744	  1.1915	 -3.1596	  5.5489	  1.0000
  3.9370	  1.1915	 -3.2183	  5.1804	  1.0000
  4.2996	  1.1915	 -3.1318	  4.2017	  1.0000
  4.6622	  1.1915	 -7.6007	  7.6082	  0.0000
  5.0249	  1.1915	 -1.7380	  2.2523	  1.0000
  5.3875	  1.1915	 -1.5496	  1.7306	  1.0000
  5.7501	  1.1915	 -0.2847	  1.3179	  1.0000
  6.1127	  1.1915	  0.1214	  0.5931	  1.0000
  6.4753	  1.1915	 -9.5343	 10.9246	  0.0000
  6.8380	  1.1915	  0.9557	 -0.1243	  1.0000
  7.2006	  1.1915	  1.2822	 -0.3426	  1.0000
  7.5632	  1.1915	  1.4787	 -0.7245	  1.0000
  7.9258	  1.1915	  7.6603	  0.6524	  0.0000
  8.2884	  1.1915	  1.9827	 -1.4724	  1.0000
  8.6511	  1.1915	  2.2256	 -1.7235	  1.0000
  9.0137	  1.1915	  2.5200	 -1.9056	  1.0000
  0.3108	  0.8288	  0.0584	 -1.4084	  0.0000
  0.6734	  0.8288	  0.0011	 -1.2915	  0.0000
  1.0361	  0.8288	  0.8520	  1.3498	  1.0000
  1.3987	  0.8288	  0.5988	  2.0005	  1.0000
  1.7613	  0.8288	 -6.0013	  5.1880	  0.0000
  2.1239	  0.8288	 -0.5169	  4.6378	  1.0000
  2.4865	  0.8288	 -1.2959	  5.5550	  1.0000
  2.8492	  0.8288	 -2.0126	  6.2301	  1.0000
  3.2118	  0.8288	 -2.8616	  6.2812	  1.0000
  3.5744	  0.8288	 -3.3517	  6.1701	  1.0000
  3.9370	  0.8288	 -3.3049	  5.8525	  1.0000
  4.2996	  0.8288	 -7.8168	  7.7221	  0.0000
  4.6622	  0.8288	 -3.0994	  4.0449	  1.0000
  5.0249	  0.8288	 -1.9803	  2.9302	  1.0000
  5.3875	  0.8288	 -1.8322	  2.3658	  1.0000
  5.7501	  0.8288	 -0.3883	  1.9082	  1.0000
  6.1127	  0.8288	  0.0717	  1.0957	  1.0000
  6.4753	  0.8288	  0.2365	  0.3808	  1.0000
  6.8380	  0.8288	  1.1672	 -0.1318	  1.0000
  7.2006	  0.8288	  1.4669	 -0.3036	  1.0000
  7.5632	  0.8288	  4.9976	 -6.2793	  0.0000
  7.9258	  0.8288	 -0.5283	 -0.4667	  0.0000
  8.2884	  0.8288	  1.8186	 -1.2009	  1.0000
  8.6511	  0.8288	  1.9641	 -1.4170	  1.0000
  9.0137	  0.8288	  2.3147	 -1.4406	  1.0000
  0.3108	  0.4662	  0.0763	 -1.3886	  0.0000
  0.6734	  0.4662	  0.1326	 -1.2846	  0.0000
  1.0361	  0.4662	  0.0297	 -1.3714	  0.0000
  1.3987	  0.4662	  0.5097	  2.0074	  1.0000
  1.7613	  0.4662	  0.1418	  3.6333	  1.0000
  2.1239	  0.4662	 -0.6206	  4.8732	  1.0000
  2.4865	  0.4662	 -1.2693	  6.0140	  1.0000
  2.8492	  0.4662	 -1.9858	  6.7954	  1.0000
  3.2118	  0.4662	 -2.8437	  7.0293	  1.0000
  3.5744	  0.4662	 -3.7358	  6.6932	  1.0000
  3.9370	  0.4662	 -3.7100	  6.3387	  1.0000
  4.2996	  0.4662	 -8.0886	  9.7352	  0.0000
  4.6622	  0.4662	 -3.4570	  4.2808	  1.0000
  5.0249	  0.4662	  7.6838	  4.2671	  0.0000
  5.3875	  0.4662	 -2.3354	  2.8400	  1.0000
  5.7501	  0.4662	 -3.4379	 -7.6524	  0.0000
  6.1127	  0.4662	 -0.3288	  1.1255	  1.0000
  6.4753	  0.4662	 -0.1338	  0.3148	  1.0000
  6.8380	  0.4662	 -0.7697	 -1.3782	  0.0000
  7.2006	  0.4662	  1.2031	 -0.3258	  1.0000
  7.5632	  0.4662	  1.4522	 -0.6845	  1.0000
  7.9258	  0.4662	  2.2437	 -1.1944	  1.0000
  8.2884	  0.4662	  2.1668	 -1.1877	  1.0000
  8.6511	  0.4662	  2.3038	 -1.4197	  1.0000
  9.0137	  0.4662	  2.6891	 -1.3994	  1.0000
