# x	y	u	v	mask
  0.3108	  6.9934	 -3.6054	 -2.3697	  1.0000
  0.6734	  6.9934	  0.4210	  0.2539	  0.0000
  1.0361	  6.9934	-11.6947	 -6.8002	  0.0000
  1.3987	  6.9934	 -2.7397	 -1.8420	  1.0000
  1.7613	  6.9934	 -1.6635	 -1.6002	  1.0000
  2.1239	  6.9934	 -0.9574	 -0.9642	  0.0000
  2.4865	  6.9934	 -0.4095	 -1.4608	  1.0000
  2.8492	  6.9934	 12.1028	  6.9637	  0.0000
  3.2118	  6.9934	  1.0178	 -1.1739	  1.0000
  3.5744	  6.9934	 -5.5774	 -7.6288	  0.0000
  3.9370	  6.9934	  1.1626	 -0.4844	  1.0000
  4.2996	  6.9934	 -0.0523	  0.2513	  1.0000
  4.6622	  6.9934	 -0.7446	  0.5063	  1.0000
  5.0249	  6.9934	 -1.0277	  1.3690	  1.0000
  5.3875	  6.9934	 -2.3496	  1.4859	  1.0000
  5.7501	  6.9934	  0.5518	  0.8953	  0.0000
  6.1127	  6.9934	 -1.0418	  0.1464	  0.0000
  6.4753	  6.9934	  0.2517	  0.4761	  0.0000
  6.8380	  6.9934	  0.0061	  0.7370	  0.0000
  7.2006	  6.9934	 -1.2604	  0.4683	  1.0000
  7.5632	  6.9934	 -0.9583	  0.1251	  1.0000
  7.9258	  6.9934	 -0.9648	  0.6069	  1.0000
  8.2884	  6.9934	  4.4123	 -3.3676	  0.0000
  8.6511	  6.9934	 -0.9029	  0.7930	  1.0000
  9.0137	  6.9934	 -0.9320	  1.1402	  1.0000
  0.3108	  6.6308	 -3.3771	 -1.7659	  1.0000
  0.6734	  6.6308	 -2.9634	 -1.5357	  1.0000
  1.0361	  6.6308	 -2.8963	 -1.4212	  1.0000
  1.3987	  6.6308	 -2.6437	 -1.4120	  1.0000
  1.7613	  6.6308	 -1.7270	 -1.3087	  1.0000
  2.1239	  6.6308	 -1.3315	 -1.2301	  1.0000
  2.4865	  6.6308	 -0.7302	 -1.3530	  1.0000
  2.8492	  6.6308	  0.5099	 -1.4018	  1.0000
  3.2118	  6.6308	  0.5533	 -1.3177	  1.0000
  3.5744	  6.6308	  0.7477	 -1.1411	  1.0000
  3.9370	  6.6308	  9.9416	 12.1000	  0.0000
  4.2996	  6.6308	 -0.4072	 -0.0744	  1.0000
  4.6622	  6.6308	 -0.9986	  0.2126	  1.0000
  5.0249	  6.6308	 -1.3100	  0.9419	  1.0000
  5.3875	  6.6308	 -2.4245	  1.0875	  1.0000
  5.7501	  6.6308	  2.0273	-12.0105	  0.0000
  6.1127	  6.6308	 -3.8062	 10.2481	  0.0000
  6.4753	  6.6308	 -0.8051	-11.4132	  0.0000
  6.8380	  6.6308	 -1.8496	  0.1932	  1.0000
  7.2006	  6.6308	 -0.9271	  0.4204	  1.0000
  7.5632	  6.6308	 -1.0921	 -0.7183	  0.0000
  7.9258	  6.6308	 -0.7522	  0.8537	  1.0000
  8.2884	  6.6308	 -0.5888	  1.0478	  1.0000
  8.6511	  6.6308	 -0.4946	  0.1465	  0.0000
  9.0137	  6.6308	 -0.5663	  1.7904	  1.0000
  0.3108	  6.2681	 -3.1844	 -1.1409	  1.0000
  0.6734	  6.2681	 -3.2423	 -1.2618	  1.0000
  1.0361	  6.2681	 -3.1294	 -1.1859	  1.0000
  1.3987	  6.2681	 -2.8525	 -1.2103	  1.0000
  1.7613	  6.2681	 -2.1595	 -1.2109	  1.0000
  2.1239	  6.2681	 -2.0485	 -1.4938	  1.0000
  2.4865	  6.2681	 -1.3815	 -1.8360	  1.0000
  2.8492	  6.2681	 -0.3755	 -1.9388	  1.0000
  3.2118	  6.2681	 -0.0285	 -1.7516	  1.0000
  3.5744	  6.2681	  0.0072	 -1.6371	  1.0000
  3.9370	  6.2681	 13.2825	-14.0701	  0.0000
  4.2996	  6.2681	 -0.8651	 -7.8599	  0.0000
  4.6622	  6.2681	 -1.4084	  0.0868	  1.0000
  5.0249	  6.2681	 -1.7391	  0.7591	  1.0000
  5.3875	  6.2681	 -2.8118	  0.7809	  1.0000
  5.7501	  6.2681	 -2.5599	 -2.6962	  0.0000
  6.1127	  6.2681	 -2.6667	  0.8368	  1.0000
  6.4753	  6.2681	 -2.4932	  0.5077	  1.0000
  6.8380	  6.2681	 -1.8760	  0.0050	  1.0000
  7.2006	  6.2681	 -0.9750	  0.1305	  1.0000
  7.5632	  6.2681	 -0.8124	  0.2377	  0.0000
  7.9258	  6.2681	 -1.4454	  0.1180	  0.0000
  8.2884	  6.2681	 -0.3591	  0.9238	  1.0000
  8.6511	  6.2681	 -0.3381	  1.0427	  1.0000
  9.0137	  6.2681	 -0.2985	  1.5048	  1.0000
  0.3108	  5.9055	 -2.6713	 -0.6335	  1.0000
  0.6734	  5.9055	  0.5087	 -7.5530	  0.0000
  1.0361	  5.9055	 -2.7441	 -0.8036	  1.0000
  1.3987	  5.9055	 -2.2894	 -0.8000	  1.0000
  1.7613	  5.9055	 -1.7538	 -0.8950	  1.0000
  2.1239	  5.9055	 -1.6355	 -1.1929	  1.0000
  2.4865	  5.9055	 -1.0930	 -1.5268	  1.0000
  2.8492	  5.9055	 -0.3648	 -1.8021	  1.0000
  3.2118	  5.9055	 -0.1078	 -1.6410	  1.0000
  3.5744	  5.9055	 -0.3176	 -1.3657	  1.0000
  3.9370	  5.9055	 -0.6816	 -1.0057	  1.0000
  4.2996	  5.9055	 -4.1708	  7.7632	  0.0000
  4.6622	  5.9055	 -1.8994	  0.2502	  1.0000
  5.0249	  5.9055	 -2.3400	  0.7312	  1.0000
  5.3875	  5.9055	 -7.6043	 14.9642	  0.0000
  5.7501	  5.9055	-11.9762	 14.8622	  0.0000
  6.1127	  5.9055	 -2.8753	  0.2403	  1.0000
  6.4753	  5.9055	 -7.7800	  8.5614	  0.0000
  6.8380	  5.9055	 -1.9960	 -0.6333	  1.0000
  7.2006	  5.9055	 -1.1738	 -0.4941	  1.0000
  7.5632	  5.9055	 -0.6828	 -0.4785	  1.0000
  7.9258	  5.9055	 -0.7429	  0.3367	  1.0000
  8.2884	  5.9055	 -0.4959	  0.5814	  1.0000
  8.6511	  5.9055	 -0.8427	 -0.1006	  0.0000
  9.0137	  5.9055	 -9.4252	  7.1545	  0.0000
  0.3108	  5.5429	 -2.0053	 -0.3084	  1.0000
  0.6734	  5.5429	 -2.2856	 -0.4390	  1.0000
  1.0361	  5.5429	 -2.1509	 -0.2944	  1.0000
  1.3987	  5.5429	 -5.3263	  2.3591	  0.0000
  1.7613	  5.5429	 -1.8272	 -0.6197	  1.0000
  2.1239	  5.5429	 -1.8382	 -0.8278	  1.0000
  2.4865	  5.5429	 -1.2607	 -1.2397	  1.0000
  2.8492	  5.5429	 -0.5738	 -1.7598	  1.0000
  3.2118	  5.5429	 -3.7237	 -3.1659	  0.0000
  3.5744	  5.5429	 -0.5282	 -1.7228	  1.0000
  3.9370	  5.5429	 -0.8752	 -1.3638	  1.0000
  4.2996	  5.5429	 -1.4225	 -0.4770	  1.0000
  4.6622	  5.5429	 -1.7463	  0.0396	  1.0000
  5.0249	  5.5429	 -2.4526	  0.3651	  1.0000
  5.3875	  5.5429	 -3.0996	  0.2085	  1.0000
  5.7501	  5.5429	 -3.3809	  0.1989	  1.0000
  6.1127	  5.5429	 -2.7527	 -0.1415	  1.0000
  6.4753	  5.5429	 -2.4149	 -0.5575	  1.0000
  6.8380	  5.5429	 -1.7381	 -1.0577	  1.0000
  7.2006	  5.5429	 -0.9095	 -0.7643	  1.0000
  7.5632	  5.5429	 -0.3667	 -0.7013	  1.0000
  7.9258	  5.5429	 -0.3449	  0.1621	  1.0000
  8.2884	  5.5429	 12.1139	  7.8030	  0.0000
  8.6511	  5.5429	 -0.0555	  0.7717	  1.0000
  9.0137	  5.5429	 -7.6733	  7.6156	  0.0000
  0.3108	  5.1803	 -1.5019	 -0.1651	  1.0000
  0.6734	  5.1803	 -0.0524	  0.5393	  0.0000
  1.0361	  5.1803	 -7.6953	  7.8371	  0.0000
  1.3987	  5.1803	 -0.3568	  0.0271	  0.0000
  1.7613	  5.1803	-14.3021	 -7.3980	  0.0000
  2.1239	  5.1803	 -1.9853	 -0.9582	  1.0000
  2.4865	  5.1803	 -1.5558	 -1.4277	  1.0000
  2.8492	  5.1803	 -3.7556	 -4.1050	  0.0000
  3.2118	  5.1803	 -9.2316	-14.0928	  0.0000
  3.5744	  5.1803	 -1.0947	 -1.7878	  1.0000
  3.9370	  5.1803	 -1.4457	 -1.4059	  1.0000
  4.2996	  5.1803	 -1.2462	 -2.4778	  0.0000
  4.6622	  5.1803	 -7.8871	 -1.9685	  0.0000
  5.0249	  5.1803	 -2.7778	  0.6055	  1.0000
  5.3875	  5.1803	 -3.1942	  0.8945	  1.0000
  5.7501	  5.1803	 -3.4143	  0.7910	  1.0000
  6.1127	  5.1803	 -2.8334	  0.0701	  1.0000
  6.4753	  5.1803	 -7.5541	 -6.7670	  0.0000
  6.8380	  5.1803	 -1.7674	 -0.9987	  1.0000
  7.2006	  5.1803	  0.4096	  2.4730	  0.0000
  7.5632	  5.1803	 -0.2459	 -0.9882	  1.0000
  7.9258	  5.1803	  4.7517	 -3.4627	  0.0000
  8.2884	  5.1803	  0.0625	 -0.2802	  0.0000
  8.6511	  5.1803	  0.1206	  0.2680	  1.0000
  9.0137	  5.1803	  0.1344	  0.7362	  1.0000
  0.3108	  4.8177	 -0.6487	  0.5407	  1.0000
  0.6734	  4.8177	 -1.1557	  0.2953	  1.0000
  1.0361	  4.8177	 -1.1328	  0.3098	  1.0000
  1.3987	  4.8177	  3.5660	  7.6767	  0.0000
  1.7613	  4.8177	 -1.3407	 -0.3817	  1.0000
  2.1239	  4.8177	 -1.7613	 -0.9366	  1.0000
  2.4865	  4.8177	 10.2207	  2.6942	  0.0000
  2.8492	  4.8177	 -3.0176	 -3.7486	  0.0000
  3.2118	  4.8177	 -0.9016	 -1.5423	  1.0000
  3.5744	  4.8177	 -1.2805	 -1.0341	  1.0000
  3.9370	  4.8177	 -1.6887	 -0.6691	  1.0000
  4.2996	  4.8177	 -2.0182	  0.2513	  1.0000
  4.6622	  4.8177	-14.6622	  7.7206	  0.0000
  5.0249	  4.8177	 -2.7823	  1.2278	  1.0000
  5.3875	  4.8177	 -3.1375	  1.0804	  1.0000
  5.7501	  4.8177	 -1.6193	 -1.7650	  0.0000
  6.1127	  4.8177	 -9.7553	 -5.8627	  0.0000
  6.4753	  4.8177	  4.9519	 -7.5058	  0.0000
  6.8380	  4.8177	 -4.2886	 -5.6509	  0.0000
  7.2006	  4.8177	 -8.9189	 -7.6467	  0.0000
  7.5632	  4.8177	 -0.1285	 -1.7294	  1.0000
  7.9258	  4.8177	  0.0983	 -1.0308	  1.0000
  8.2884	  4.8177	  0.4429	 -0.7518	  1.0000
  8.6511	  4.8177	 -0.1705	  0.3201	  0.0000
  9.0137	  4.8177	  0.1859	  0.2689	  1.0000
  0.3108	  4.4550	  7.7488	 -7.6604	  0.0000
  0.6734	  4.4550	  1.2025	 -7.8206	  0.0000
  1.0361	  4.4550	 -0.8123	  0.6776	  1.0000
  1.3987	  4.4550	 -7.6483	  7.7012	  0.0000
  1.7613	  4.4550	 -1.2463	  0.0985	  1.0000
  2.1239	  4.4550	  6.9729	  7.8349	  0.0000
  2.4865	  4.4550	 -1.0809	 -1.2310	  1.0000
  2.8492	  4.4550	 -1.0806	 -1.7030	  1.0000
  3.2118	  4.4550	 -2.1608	 -4.1984	  0.0000
  3.5744	  4.4550	  7.3873	 -2.7822	  0.0000
  3.9370	  4.4550	 -1.2326	 -0.3714	  1.0000
  4.2996	  4.4550	  7.8595	 -7.7228	  0.0000
  4.6622	  4.4550	 -1.3070	  1.1484	  1.0000
  5.0249	  4.4550	 -1.7555	  1.0531	  1.0000
  5.3875	  4.4550	 -1.8607	  0.9135	  1.0000
  5.7501	  4.4550	 -2.3156	 -4.6573	  0.0000
  6.1127	  4.4550	 -1.4199	 -0.8263	  1.0000
  6.4753	  4.4550	 -1.0970	 -1.4647	  1.0000
  6.8380	  4.4550	 -0.6553	 -2.0207	  1.0000
  7.2006	  4.4550	 11.8802	 -1.4925	  0.0000
  7.5632	  4.4550	  0.4769	 -1.9304	  1.0000
  7.9258	  4.4550	  0.6022	 -1.5897	  1.0000
  8.2884	  4.4550	  0.9892	 -1.3815	  1.0000
  8.6511	  4.4550	  0.7571	 -0.9050	  1.0000
  9.0137	  4.4550	  0.8100	 -0.5721	  1.0000
  0.3108	  4.0924	  0.0722	  0.3884	  1.0000
  0.6734	  4.0924	 -0.5372	  0.0953	  1.0000
  1.0361	  4.0924	 -0.8211	  0.0401	  1.0000
  1.3987	  4.0924	  0.2729	 -7.7744	  0.0000
  1.7613	  4.0924	 -1.3631	 -0.2120	  1.0000
  2.1239	  4.0924	 -1.5996	 -1.0340	  1.0000
  2.4865	  4.0924	 -1.1711	 -1.3032	  1.0000
  2.8492	  4.0924	 -1.2053	 -1.6366	  1.0000
  3.2118	  4.0924	 -0.6242	 -1.3837	  1.0000
  3.5744	  4.0924	 -0.6872	 -0.3556	  1.0000
  3.9370	  4.0924	 -0.8229	  0.2560	  1.0000
  4.2996	  4.0924	 -0.8462	  1.1898	  1.0000
  4.6622	  4.0924	  1.0608	 14.4960	  0.0000
  5.0249	  4.0924	 -1.0736	  1.8646	  1.0000
  5.3875	  4.0924	 -1.1597	  1.6358	  1.0000
  5.7501	  4.0924	 -4.9211	  9.8463	  0.0000
  6.1127	  4.0924	 -0.8893	 -0.5643	  1.0000
  6.4753	  4.0924	 -0.7487	 -1.3659	  1.0000
  6.8380	  4.0924	 -0.3557	 -2.2382	  1.0000
  7.2006	  4.0924	  0.0510	 -2.6826	  1.0000
  7.5632	  4.0924	  0.3659	 -2.4547	  1.0000
  7.9258	  4.0924	  0.5599	 -2.2870	  1.0000
  8.2884	  4.0924	  1.0102	 -2.0541	  1.0000
  8.6511	  4.0924	  0.7231	 -1.6524	  1.0000
  9.0137	  4.0924	 -0.0814	 -0.1039	  0.0000
  0.3108	  3.7298	  7.7685	 10.3048	  0.0000
  0.6734	  3.7298	  2.4997	  7.7337	  0.0000
  1.0361	  3.7298	 -4.4821	 -1.8938	  0.0000
  1.3987	  3.7298	 -0.0888	 -0.5677	  1.0000
  1.7613	  3.7298	 -0.5809	 -0.8049	  1.0000
  2.1239	  3.7298	 -0.6906	 -1.4127	  1.0000
  2.4865	  3.7298	 -0.4684	 -1.1877	  1.0000
  2.8492	  3.7298	 -0.4103	 -1.2852	  1.0000
  3.2118	  3.7298	 -5.4696	 -5.1200	  0.0000
  3.5744	  3.7298	  0.2276	  0.3404	  1.0000
  3.9370	  3.7298	  0.2522	  1.0166	  1.0000
  4.2996	  3.7298	  0.0980	  2.1058	  1.0000
  4.6622	  3.7298	  0.3290	  2.7663	  1.0000
  5.0249	  3.7298	  0.1115	  2.2453	  1.0000
  5.3875	  3.7298	  0.1413	  2.0483	  1.0000
  5.7501	  3.7298	 -1.2252	 -3.5104	  0.0000
  6.1127	  3.7298	  0.1039	 -0.7915	  1.0000
  6.4753	  3.7298	-12.0845	 -4.4816	  0.0000
  6.8380	  3.7298	  0.2750	 -2.5624	  1.0000
  7.2006	  3.7298	 10.7986	-11.4720	  0.0000
  7.5632	  3.7298	  0.6405	 -2.5915	  1.0000
  7.9258	  3.7298	 -1.3586	 -3.7848	  0.0000
  8.2884	  3.7298	  1.0216	 -2.3347	  1.0000
  8.6511	  3.7298	  0.7110	 -1.8206	  1.0000
  9.0137	  3.7298	  0.0449	 -0.0371	  0.0000
  0.3108	  3.3672	  7.3616	 -7.7925	  0.0000
  0.6734	  3.3672	 -7.6010	 12.5054	  0.0000
  1.0361	  3.3672	 -0.1079	 -0.6667	  1.0000
  1.3987	  3.3672	  2.4753	  7.5820	  0.0000
  1.7613	  3.3672	 -0.6983	 -1.2468	  1.0000
  2.1239	  3.3672	 -0.8566	 -1.8384	  1.0000
  2.4865	  3.3672	 -0.5936	 -1.6062	  1.0000
  2.8492	  3.3672	 -0.3020	 -1.4640	  1.0000
  3.2118	  3.3672	  0.2459	 -1.0587	  1.0000
  3.5744	  3.3672	  0.8324	  0.3289	  1.0000
  3.9370	  3.3672	  1.3215	  1.0322	  1.0000
  4.2996	  3.3672	  1.3778	  2.3137	  1.0000
  4.6622	  3.3672	  0.7036	 14.3246	  0.0000
  5.0249	  3.3672	  1.7573	  2.7342	  1.0000
  5.3875	  3.3672	  1.6467	  2.7890	  1.0000
  5.7501	  3.3672	  1.2319	  1.8108	  1.0000
  6.1127	  3.3672	  1.3934	 -0.1256	  1.0000
  6.4753	  3.3672	  8.8365	 11.2953	  0.0000
  6.8380	  3.3672	 -0.6654	 -2.2123	  0.0000
  7.2006	  3.3672	  1.1617	 -2.5487	  1.0000
  7.5632	  3.3672	  1.0105	 -2.2594	  1.0000
  7.9258	  3.3672	  1.0233	 -2.5962	  1.0000
  8.2884	  3.3672	  1.2330	 -2.3237	  1.0000
  8.6511	  3.3672	  0.7799	 -1.8998	  1.0000
  9.0137	  3.3672	  2.2142	 -7.6539	  0.0000
  0.3108	  3.0046	  4.2292	-13.2238	  0.0000
  0.6734	  3.0046	 -4.2530	 -7.8134	  0.0000
  1.0361	  3.0046	 -0.4328	 -0.3767	  1.0000
  1.3987	  3.0046	 -0.4959	 -0.5581	  1.0000
  1.7613	  3.0046	 -0.8046	 -1.1042	  1.0000
  2.1239	  3.0046	-13.1124	 -2.4889	  0.0000
  2.4865	  3.0046	 -0.7030	 -1.8425	  1.0000
  2.8492	  3.0046	  0.0451	 -2.8191	  0.0000
  3.2118	  3.0046	 -4.6212	 -2.4608	  0.0000
  3.5744	  3.0046	  0.8966	  0.7695	  1.0000
  3.9370	  3.0046	  1.5053	  1.5389	  1.0000
  4.2996	  3.0046	  1.6733	  2.8726	  1.0000
  4.6622	  3.0046	  2.1164	  3.7640	  1.0000
  5.0249	  3.0046	  7.5512	  7.6660	  0.0000
  5.3875	  3.0046	 -0.4704	 11.3367	  0.0000
  5.7501	  3.0046	  1.8458	  2.2158	  1.0000
  6.1127	  3.0046	 -0.9472	 -3.2510	  0.0000
  6.4753	  3.0046	  1.4301	 -0.7414	  1.0000
  6.8380	  3.0046	 -5.0895	 -7.7667	  0.0000
  7.2006	  3.0046	  1.1942	 -2.6576	  1.0000
  7.5632	  3.0046	  0.9906	 -2.4589	  1.0000
  7.9258	  3.0046	  0.9166	 -2.8074	  1.0000
  8.2884	  3.0046	  1.0595	 -2.5349	  1.0000
  8.6511	  3.0046	  0.8329	 -2.0450	  1.0000
  9.0137	  3.0046	  0.0292	 -0.5514	  0.0000
  0.3108	  2.6419	  0.4059	  0.3305	  1.0000
  0.6734	  2.6419	  0.1739	  0.0550	  1.0000
  1.0361	  2.6419	  3.0122	-14.1979	  0.0000
  1.3987	  2.6419	 -1.0486	 -7.7576	  0.0000
  1.7613	  2.6419	 -0.8000	 -0.8990	  1.0000
  2.1239	  2.6419	 -0.6644	 -1.7725	  1.0000
  2.4865	  2.6419	 -0.5368	 -1.6156	  1.0000
  2.8492	  2.6419	 10.2763	 -9.2022	  0.0000
  3.2118	  2.6419	  0.5249	 -0.7423	  1.0000
  3.5744	  2.6419	  1.3423	  0.7521	  1.0000
  3.9370	  2.6419	  2.2910	  1.5808	  1.0000
  4.2996	  2.6419	  2.5606	  2.7827	  1.0000
  4.6622	  2.6419	  7.8602	 13.2869	  0.0000
  5.0249	  2.6419	  3.2723	  3.2092	  1.0000
  5.3875	  2.6419	  3.0194	  3.2476	  1.0000
  5.7501	  2.6419	  2.5819	  1.9243	  1.0000
  6.1127	  2.6419	  7.3881	-12.4121	  0.0000
  6.4753	  2.6419	  2.0644	 -0.8254	  1.0000
  6.8380	  2.6419	  1.6744	 -2.0374	  1.0000
  7.2006	  2.6419	  1.5263	 -2.6406	  1.0000
  7.5632	  2.6419	  1.3553	 -2.2595	  1.0000
  7.9258	  2.6419	  1.1969	 -2.6118	  1.0000
  8.2884	  2.6419	  1.3351	 -2.2966	  1.0000
  8.6511	  2.6419	  0.1893	 -0.3019	  0.0000
  9.0137	  2.6419	 -0.0340	 -0.3407	  0.0000
  0.3108	  2.2793	  4.6801	  7.7150	  0.0000
  0.6734	  2.2793	  0.0097	 -0.6354	  1.0000
  1.0361	  2.2793	 -0.3611	 -0.8563	  1.0000
  1.3987	  2.2793	 -0.6201	 -1.0186	  1.0000
  1.7613	  2.2793	 -0.7234	 -1.0250	  1.0000
  2.1239	  2.2793	 -0.3516	 -1.7114	  1.0000
  2.4865	  2.2793	 -0.4183	 -0.4705	  0.0000
  2.8492	  2.2793	  2.7566	 -7.6209	  0.0000
  3.2118	  2.2793	  1.1348	 -0.8356	  1.0000
  3.5744	  2.2793	 -0.0175	 -2.7638	  0.0000
  3.9370	  2.2793	  3.0345	  1.4080	  1.0000
  4.2996	  2.2793	  3.2031	  2.7280	  1.0000
  4.6622	  2.2793	  3.6347	  3.5439	  1.0000
  5.0249	  2.2793	  7.6215	  1.3654	  0.0000
  5.3875	  2.2793	 11.3284	  7.4052	  0.0000
  5.7501	  2.2793	  3.2550	  2.2596	  1.0000
  6.1127	  2.2793	  2.9073	  0.5543	  1.0000
  6.4753	  2.2793	  4.7058	  7.6210	  0.0000
  6.8380	  2.2793	  5.3311	 -6.7605	  0.0000
  7.2006	  2.2793	 -2.4507	 -4.4177	  0.0000
  7.5632	  2.2793	  1.5552	 -1.9810	  1.0000
  7.9258	  2.2793	  1.0992	 -2.4096	  1.0000
  8.2884	  2.2793	  1.1972	 -2.0893	  1.0000
  8.6511	  2.2793	  1.1552	 -1.7021	  1.0000
  9.0137	  2.2793	 -0.1358	 -0.2869	  0.0000
  0.3108	  1.9167	  0.1255	 -0.9601	  1.0000
  0.6734	  1.9167	 -7.5286	  7.6390	  0.0000
  1.0361	  1.9167	  3.5730	  7.6316	  0.0000
  1.3987	  1.9167	 -1.4982	  6.5440	  0.0000
  1.7613	  1.9167	 -0.6127	 -1.1023	  1.0000
  2.1239	  1.9167	 -0.3173	 -1.4915	  1.0000
  2.4865	  1.9167	 -0.1217	 -1.3616	  1.0000
  2.8492	  1.9167	  0.5709	 -1.2339	  1.0000
  3.2118	  1.9167	  1.5077	 -0.7027	  1.0000
  3.5744	  1.9167	  2.3539	  0.4009	  1.0000
  3.9370	  1.9167	  3.3231	  1.1609	  1.0000
  4.2996	  1.9167	  3.3112	  2.5309	  1.0000
  4.6622	  1.9167	  3.3176	  3.4039	  1.0000
  5.0249	  1.9167	  3.4148	  3.2134	  1.0000
  5.3875	  1.9167	  3.1431	  3.0662	  1.0000
  5.7501	  1.9167	  2.4705	  1.8748	  1.0000
  6.1127	  1.9167	  2.2352	  0.3153	  1.0000
  6.4753	  1.9167	  1.9682	 -0.7160	  1.0000
  6.8380	  1.9167	  1.7196	 -2.0663	  1.0000
  7.2006	  1.9167	  1.8134	 -2.9561	  1.0000
  7.5632	  1.9167	  1.7527	 -2.6771	  1.0000
  7.9258	  1.9167	  1.4183	 -2.6689	  1.0000
  8.2884	  1.9167	  1.5673	 -2.3708	  1.0000
  8.6511	  1.9167	  1.4386	 -1.9134	  1.0000
  9.0137	  1.9167	 -0.0729	  0.1367	  0.0000
  0.3108	  1.5541	  0.1458	 -0.2342	  1.0000
  0.6734	  1.5541	 -0.1218	 -0.1522	  1.0000
  1.0361	  1.5541	  0.1999	 -0.4665	  1.0000
  1.3987	  1.5541	 -0.0878	 -0.5798	  1.0000
  1.7613	  1.5541	  0.1420	 -0.9609	  1.0000
  2.1239	  1.5541	  0.5392	 -1.4858	  1.0000
  2.4865	  1.5541	-11.3516	 -4.1652	  0.0000
  2.8492	  1.5541	 -1.1830	  6.4114	  0.0000
  3.2118	  1.5541	  2.6237	 -0.8646	  1.0000
  3.5744	  1.5541	  2.8731	  0.2272	  1.0000
  3.9370	  1.5541	  3.6705	  0.8362	  1.0000
  4.2996	  1.5541	  3.5403	  2.1066	  1.0000
  4.6622	  1.5541	  3.0060	  3.0452	  1.0000
  5.0249	  1.5541	  3.0414	  2.9497	  1.0000
  5.3875	  1.5541	  2.6074	  2.9362	  1.0000
  5.7501	  1.5541	  1.9219	  1.8073	  1.0000
  6.1127	  1.5541	  1.7034	  0.4084	  1.0000
  6.4753	  1.5541	  1.6074	 -0.5450	  1.0000
  6.8380	  1.5541	  1.2594	 -1.8193	  1.0000
  7.2006	  1.5541	  1.7380	 -2.8128	  1.0000
  7.5632	  1.5541	  1.7459	 -2.6345	  1.0000
  7.9258	  1.5541	  1.4284	 -2.5818	  1.0000
  8.2884	  1.5541	  1.4717	 -2.3802	  1.0000
  8.6511	  1.5541	  6.0667	  7.8419	  0.0000
  9.0137	  1.5541	  0.9274	 -1.6059	  1.0000
  0.3108	  1.1915	  7.5403	 -7.3871	  0.0000
  0.6734	  1.1915	 -0.1968	  0.4876	  1.0000
  1.0361	  1.1915	 -5.9613	 -4.8126	  0.0000
  1.3987	  1.1915	 -0.0656	 -0.1090	  1.0000
  1.7613	  1.1915	 -0.0266	 -0.3092	  1.0000
  2.1239	  1.1915	  0.5074	 -0.8230	  1.0000
  2.4865	  1.1915	  0.8418	 -1.0324	  1.0000
  2.8492	  1.1915	  8.9711	 -3.9439	  0.0000
  3.2118	  1.1915	  2.8302	 -0.7704	  1.0000
  3.5744	  1.1915	  2.9006	  0.1393	  1.0000
  3.9370	  1.1915	  3.6832	  0.7095	  1.0000
  4.2996	  1.1915	  3.6940	  1.8720	  1.0000
  4.6622	  1.1915	  2.9508	  2.8401	  1.0000
  5.0249	  1.1915	  2.8132	  3.0229	  1.0000
  5.3875	  1.1915	  2.3155	  3.0696	  1.0000
  5.7501	  1.1915	  1.5542	  1.9534	  1.0000
  6.1127	  1.1915	  1.4551	  0.7191	  1.0000
  6.4753	  1.1915	  1.4176	 -0.2661	  1.0000
  6.8380	  1.1915	  1.0681	 -1.5883	  1.0000
  7.2006	  1.1915	  1.6583	 -2.6485	  1.0000
  7.5632	  1.1915	  7.6853	 -7.6875	  0.0000
  7.9258	  1.1915	  1.5159	 -2.6933	  1.0000
  8.2884	  1.1915	 -7.7859	  3.0393	  0.0000
  8.6511	  1.1915	  1.4577	 -2.1371	  1.0000
  9.0137	  1.1915	  0.9733	 -1.6558	  1.0000
  0.3108	  0.8288	  0.2048	 -0.0768	  0.0000
  0.6734	  0.8288	  0.0113	 -0.0275	  0.0000
  1.0361	  0.8288	  0.2268	  0.0402	  1.0000
  1.3987	  0.8288	 -0.0804	 -0.1016	  0.0000
  1.7613	  0.8288	 -4.4023	  5.7306	  0.0000
  2.1239	  0.8288	  0.6728	 -0.5140	  1.0000
  2.4865	  0.8288	  1.0579	 -0.7188	  1.0000
  2.8492	  0.8288	  1.9972	 -1.1180	  1.0000
  3.2118	  0.8288	  3.1593	 -0.6856	  1.0000
  3.5744	  0.8288	  3.0873	  0.1307	  1.0000
  3.9370	  0.8288	  3.7966	  0.7625	  1.0000
  4.2996	  0.8288	  3.5647	  1.7282	  1.0000
  4.6622	  0.8288	  2.5292	  2.7135	  1.0000
  5.0249	  0.8288	  2.2608	  2.8304	  1.0000
  5.3875	  0.8288	  1.6329	  2.7057	  1.0000
  5.7501	  0.8288	-15.0422	  7.8098	  0.0000
  6.1127	  0.8288	  0.7662	  0.5984	  1.0000
  6.4753	  0.8288	  0.8909	 -0.5467	  1.0000
  6.8380	  0.8288	  0.7836	 -1.8625	  1.0000
  7.2006	  0.8288	  7.8221	 -7.6858	  0.0000
  7.5632	  0.8288	  3.5136	 -7.7267	  0.0000
  7.9258	  0.8288	  1.6388	 -2.7994	  1.0000
  8.2884	  0.8288	  9.9258	-11.0250	  0.0000
  8.6511	  0.8288	  1.6120	 -2.4060	  1.0000
  9.0137	  0.8288	  1.0806	 -1.7856	  1.0000
  0.3108	  0.4662	  0.1513	 -0.0231	  0.0000
  0.6734	  0.4662	  0.0386	  0.0088	  0.0000
  1.0361	  0.4662	  0.0273	 -0.0967	  0.0000
  1.3987	  0.4662	 -0.1404	 -0.0551	  0.0000
  1.7613	  0.4662	  0.3502	 -0.4406	  1.0000
  2.1239	  0.4662	 14.0005	 -6.4948	  0.0000
  2.4865	  0.4662	  1.5229	 -0.6986	  1.0000
  2.8492	  0.4662	  2.5032	 -0.9637	  1.0000
  3.2118	  0.4662	  3.7625	 -0.6684	  1.0000
  3.5744	  0.4662	  3.5429	  0.0415	  1.0000
  3.9370	  0.4662	  9.8074	 -7.0902	  0.0000
  4.2996	  0.4662	  7.7023	  7.5595	  0.0000
  4.6622	  0.4662	  2.4018	  2.6275	  1.0000
  5.0249	  0.4662	  2.0278	  2.7219	  1.0000
  5.3875	  0.4662	  1.3123	  2.6358	  1.0000
  5.7501	  0.4662	  0.2169	  1.7606	  1.0000
  6.1127	  0.4662	  0.3305	  0.7593	  1.0000
  6.4753	  0.4662	  0.5020	 -0.4107	  1.0000
  6.8380	  0.4662	  0.4233	 -1.7824	  1.0000
  7.2006	  0.4662	  0.0121	 -0.1378	  0.0000
  7.5632	  0.4662	  1.8416	 -3.0542	  1.0000
  7.9258	  0.4662	 -7.4509	 -3.1779	  0.0000
  8.2884	  0.4662	  1.8518	 -2.7542	  1.0000
  8.6511	  0.4662	  1.5934	 -2.4951	  1.0000
  9.0137	  0.4662	  0.9937	 -1.7895	  1.0000
