# x	y	u	v	mask
  0.3108	  6.9934	  0.7653	 -0.0427	  1.0000
  0.6734	  6.9934	  0.3451	 -0.5809	  0.0000
  1.0361	  6.9934	-10.5539	  4.4540	  0.0000
  1.3987	  6.9934	  7.5433	 15.0582	  0.0000
  1.7613	  6.9934	  0.9284	  0.5687	  1.0000
  2.1239	  6.9934	 -0.3570	 -0.9908	  0.0000
  2.4865	  6.9934	  0.3689	  0.9345	  1.0000
  2.8492	  6.9934	 13.0792	  6.1355	  0.0000
  3.2118	  6.9934	 -3.6471	  0.5983	  0.0000
  3.5744	  6.9934	 -2.1883	 -0.9020	  0.0000
  3.9370	  6.9934	 -3.0572	 -0.5959	  0.0000
  4.2996	  6.9934	 -2.4857	 -0.7983	  1.0000
  4.6622	  6.9934	 -1.8384	 -0.7909	  1.0000
  5.0249	  6.9934	 -1.7319	 -0.8149	  1.0000
  5.3875	  6.9934	 -1.8944	 -1.2654	  1.0000
  5.7501	  6.9934	  8.1104	 -1.6717	  0.0000
  6.1127	  6.9934	 -0.3335	 -1.1535	  1.0000
  6.4753	  6.9934	 -6.3488	 -4.4761	  0.0000
  6.8380	  6.9934	 -7.8768	 -4.7288	  0.0000
  7.2006	  6.9934	  0.5918	 -2.0136	  1.0000
  7.5632	  6.9934	  0.2356	 -2.6066	  1.0000
  7.9258	  6.9934	  0.5524	 -3.4541	  1.0000
  8.2884	  6.9934	  2.8290	 -6.0193	  0.0000
  8.6511	  6.9934	 -7.6581	 -7.6600	  0.0000
  9.0137	  6.9934	 -0.3464	 -5.7900	  1.0000
  0.3108	  6.6308	  0.8017	 -0.4582	  1.0000
  0.6734	  6.6308	 13.0094	 -9.5908	  0.0000
  1.0361	  6.6308	 -3.9565	  2.2626	  0.0000
  1.3987	  6.6308	  0.6404	 -0.4533	  1.0000
  1.7613	  6.6308	 -1.8063	 -0.4302	  0.0000
  2.1239	  6.6308	  0.6997	  0.9216	  1.0000
  2.4865	  6.6308	  0.7465	  0.6751	  1.0000
  2.8492	  6.6308	  0.1727	  0.6709	  1.0000
  3.2118	  6.6308	 -0.2663	  0.6067	  1.0000
  3.5744	  6.6308	 -7.5651	 -4.1326	  0.0000
  3.9370	  6.6308	 -2.8153	 -1.4226	  0.0000
  4.2996	  6.6308	 -2.1472	 -0.4874	  1.0000
  4.6622	  6.6308	 -0.8037	 12.6170	  0.0000
  5.0249	  6.6308	 -2.6451	  0.1267	  0.0000
  5.3875	  6.6308	  2.9762	 -7.7983	  0.0000
  5.7501	  6.6308	  9.1259	  5.1952	  0.0000
  6.1127	  6.6308	  0.2357	 -0.5850	  1.0000
  6.4753	  6.6308	  0.4993	 -0.4730	  1.0000
  6.8380	  6.6308	  1.4266	 -0.7325	  1.0000
  7.2006	  6.6308	 -2.5756	 -3.2930	  0.0000
  7.5632	  6.6308	  0.3288	 -2.4126	  1.0000
  7.9258	  6.6308	 11.3476	 -9.4846	  0.0000
  8.2884	  6.6308	  0.6297	 -3.8172	  1.0000
  8.6511	  6.6308	 -2.0613	 -1.9881	  0.0000
  9.0137	  6.6308	 -0.1351	 -5.2479	  1.0000
  0.3108	  6.2681	  0.6808	 -0.5582	  1.0000
  0.6734	  6.2681	  0.4991	 -1.4143	  0.0000
  1.0361	  6.2681	 -0.4232	 -0.9192	  0.0000
  1.3987	  6.2681	  0.6844	 -0.7596	  1.0000
  1.7613	  6.2681	  1.0242	 -0.3612	  1.0000
  2.1239	  6.2681	  0.9269	  0.5037	  1.0000
  2.4865	  6.2681	 -2.3243	 -0.7983	  0.0000
  2.8492	  6.2681	  7.6815	  7.4287	  0.0000
  3.2118	  6.2681	 -0.1543	  0.5341	  1.0000
  3.5744	  6.2681	 -1.7098	 -1.0057	  0.0000
  3.9370	  6.2681	 -0.9191	  0.3642	  1.0000
  4.2996	  6.2681	 -1.9135	 -0.4500	  1.0000
  4.6622	  6.2681	 -1.7346	 -0.5762	  1.0000
  5.0249	  6.2681	 -1.3712	 -0.4414	  1.0000
  5.3875	  6.2681	-13.7996	 -7.4424	  0.0000
  5.7501	  6.2681	 -1.0485	 -0.5396	  1.0000
  6.1127	  6.2681	 -6.5494	 -3.5363	  0.0000
  6.4753	  6.2681	  0.1280	 -0.5393	  1.0000
  6.8380	  6.2681	  2.1875	  7.5725	  0.0000
  7.2006	  6.2681	 11.5385	  0.1429	  0.0000
  7.5632	  6.2681	 -1.0395	 -2.0397	  0.0000
  7.9258	  6.2681	 -8.0954	 -3.8337	  0.0000
  8.2884	  6.2681	  0.3423	 -3.5669	  1.0000
  8.6511	  6.2681	 -7.7436	 -7.7334	  0.0000
  9.0137	  6.2681	 -0.3039	 -4.8596	  1.0000
  0.3108	  5.9055	  0.8396	 -0.2404	  1.0000
  0.6734	  5.9055	  0.7380	 -7.6054	  0.0000
  1.0361	  5.9055	  0.6190	 -0.4761	  1.0000
  1.3987	  5.9055	  0.7421	 -0.5128	  1.0000
  1.7613	  5.9055	  1.0305	 -0.1649	  1.0000
  2.1239	  5.9055	 -7.6171	 -1.3954	  0.0000
  2.4865	  5.9055	  0.9093	  0.5051	  1.0000
  2.8492	  5.9055	  0.3599	  0.3252	  1.0000
  3.2118	  5.9055	 -0.2221	  0.2525	  1.0000
  3.5744	  5.9055	 -0.4991	  0.2372	  1.0000
  3.9370	  5.9055	 -1.5900	 11.8430	  0.0000
  4.2996	  5.9055	 -2.1534	 -0.8459	  0.0000
  4.6622	  5.9055	 -6.4042	 -5.1987	  0.0000
  5.0249	  5.9055	 -2.5053	-13.0263	  0.0000
  5.3875	  5.9055	 -2.9445	 -0.9852	  0.0000
  5.7501	  5.9055	 -1.3554	 -0.7307	  1.0000
  6.1127	  5.9055	 -2.6309	 -0.9505	  0.0000
  6.4753	  5.9055	 -7.5654	  2.5737	  0.0000
  6.8380	  5.9055	  4.1014	  0.8384	  0.0000
  7.2006	  5.9055	 11.9407	  7.5386	  0.0000
  7.5632	  5.9055	  0.1591	 -2.1762	  1.0000
  7.9258	  5.9055	  7.8675	 -9.6322	  0.0000
  8.2884	  5.9055	  0.3174	 -3.4832	  1.0000
  8.6511	  5.9055	 -0.2128	 -3.9509	  1.0000
  9.0137	  5.9055	 -0.2827	 -4.5306	  1.0000
  0.3108	  5.5429	  0.9862	 -1.1784	  1.0000
  0.6734	  5.5429	  1.0167	 -1.4144	  1.0000
  1.0361	  5.5429	  0.7783	 -1.0742	  1.0000
  1.3987	  5.5429	  0.9093	 -1.0409	  1.0000
  1.7613	  5.5429	  0.7489	 -0.6987	  1.0000
  2.1239	  5.5429	 -2.1544	 -0.8874	  0.0000
  2.4865	  5.5429	 11.7299	 -7.7172	  0.0000
  2.8492	  5.5429	 -2.0671	 -1.2361	  0.0000
  3.2118	  5.5429	  7.7438	 11.0294	  0.0000
  3.5744	  5.5429	 -0.4777	  0.1006	  1.0000
  3.9370	  5.5429	 -2.2053	 -1.1536	  0.0000
  4.2996	  5.5429	 -1.7532	 -0.8011	  1.0000
  4.6622	  5.5429	 -3.1617	 -1.9182	  0.0000
  5.0249	  5.5429	 -1.7920	 -0.8061	  1.0000
  5.3875	  5.5429	 -2.9470	 -0.8327	  0.0000
  5.7501	  5.5429	  7.7210	  7.6464	  0.0000
  6.1127	  5.5429	 12.9132	  7.6784	  0.0000
  6.4753	  5.5429	 -0.4728	 -0.4781	  1.0000
  6.8380	  5.5429	  0.4008	 -0.5241	  1.0000
  7.2006	  5.5429	  0.3856	 -1.1411	  1.0000
  7.5632	  5.5429	  0.4425	 -1.3625	  1.0000
  7.9258	  5.5429	  0.5300	 -2.2531	  1.0000
  8.2884	  5.5429	  0.4967	 -2.8140	  1.0000
  8.6511	  5.5429	  0.0868	 -2.9887	  1.0000
  9.0137	  5.5429	  0.1746	 -3.4187	  1.0000
  0.3108	  5.1803	  0.7148	 -1.2654	  1.0000
  0.6734	  5.1803	 -0.0758	 -0.2854	  0.0000
  1.0361	  5.1803	  0.6002	 -0.8804	  1.0000
  1.3987	  5.1803	 -0.0833	 -0.6543	  0.0000
  1.7613	  5.1803	  7.6503	-11.8174	  0.0000
  2.1239	  5.1803	  0.9577	  0.5588	  1.0000
  2.4865	  5.1803	 -2.6979	 -1.4180	  0.0000
  2.8492	  5.1803	  0.7041	  0.7680	  1.0000
  3.2118	  5.1803	  7.8589	  1.4976	  0.0000
  3.5744	  5.1803	 -0.1670	  0.2105	  1.0000
  3.9370	  5.1803	 -1.9041	 -0.8502	  0.0000
  4.2996	  5.1803	 -1.6497	 -0.9149	  1.0000
  4.6622	  5.1803	 -2.8241	 -0.4142	  0.0000
  5.0249	  5.1803	 -3.0585	 -0.4456	  0.0000
  5.3875	  5.1803	 -3.1076	 -0.8887	  0.0000
  5.7501	  5.1803	 -2.1814	 -0.6201	  1.0000
  6.1127	  5.1803	 -1.4392	 -0.5726	  1.0000
  6.4753	  5.1803	 -3.5630	 -1.7078	  0.0000
  6.8380	  5.1803	 -0.1679	 -0.3385	  1.0000
  7.2006	  5.1803	 -2.6491	 -1.8722	  0.0000
  7.5632	  5.1803	  0.1817	 -1.0266	  1.0000
  7.9258	  5.1803	  0.3518	 -1.7822	  1.0000
  8.2884	  5.1803	  0.4286	 -2.2609	  1.0000
  8.6511	  5.1803	  0.0364	 -2.3899	  1.0000
  9.0137	  5.1803	 -7.8694	 -5.7263	  0.0000
  0.3108	  4.8177	  1.1336	 -0.6191	  1.0000
  0.6734	  4.8177	  1.1755	 -1.0140	  1.0000
  1.0361	  4.8177	  0.8351	 -0.5328	  1.0000
  1.3987	  4.8177	  3.2669	  7.6233	  0.0000
  1.7613	  4.8177	 -2.2911	 -1.7497	  0.0000
  2.1239	  4.8177	  1.1634	  0.1902	  1.0000
  2.4865	  4.8177	  0.9775	  0.3132	  1.0000
  2.8492	  4.8177	  1.0560	  0.2158	  1.0000
  3.2118	  4.8177	  0.5234	  0.2508	  1.0000
  3.5744	  4.8177	 -1.8014	  1.6433	  0.0000
  3.9370	  4.8177	 -1.7519	 -0.8476	  0.0000
  4.2996	  4.8177	 -5.6456	-13.6333	  0.0000
  4.6622	  4.8177	 -1.8691	 -1.4340	  1.0000
  5.0249	  4.8177	 -2.7728	 -0.8957	  0.0000
  5.3875	  4.8177	 -7.9858	 -8.1640	  0.0000
  5.7501	  4.8177	 -2.2931	 -0.5918	  1.0000
  6.1127	  4.8177	 -1.8300	 -0.5357	  1.0000
  6.4753	  4.8177	 -1.3579	 -0.2351	  1.0000
  6.8380	  4.8177	 -3.8798	 -1.0443	  0.0000
  7.2006	  4.8177	  1.1204	 -7.5489	  0.0000
  7.5632	  4.8177	 -0.1093	 -0.9467	  1.0000
  7.9258	  4.8177	  0.1501	 -1.5922	  1.0000
  8.2884	  4.8177	  0.3133	 -1.8442	  1.0000
  8.6511	  4.8177	 -1.0200	 -0.7316	  0.0000
  9.0137	  4.8177	 -1.9672	 -6.6148	  0.0000
  0.3108	  4.4550	  7.6727	 -7.6416	  0.0000
  0.6734	  4.4550	  1.1376	 -7.7747	  0.0000
  1.0361	  4.4550	  1.0680	 -0.5783	  1.0000
  1.3987	  4.4550	 -7.7321	  7.6836	  0.0000
  1.7613	  4.4550	  1.1378	 -0.5449	  1.0000
  2.1239	  4.4550	  1.4102	  0.0392	  1.0000
  2.4865	  4.4550	  1.2370	  0.1561	  1.0000
  2.8492	  4.4550	 -2.1407	 -1.9974	  0.0000
  3.2118	  4.4550	  0.7781	 -0.1154	  1.0000
  3.5744	  4.4550	  0.6486	 -0.7066	  1.0000
  3.9370	  4.4550	 -0.4170	 -0.6667	  1.0000
  4.2996	  4.4550	  0.1917	  2.5582	  0.0000
  4.6622	  4.4550	 -1.5456	 -1.4823	  1.0000
  5.0249	  4.4550	 -1.5647	 -1.0856	  1.0000
  5.3875	  4.4550	 -2.1276	 -0.7125	  1.0000
  5.7501	  4.4550	 -2.5455	 -0.9372	  0.0000
  6.1127	  4.4550	 -2.4183	 -0.2245	  1.0000
  6.4753	  4.4550	 -7.0209	  6.6648	  0.0000
  6.8380	  4.4550	 -1.5361	  0.1020	  1.0000
  7.2006	  4.4550	 -2.3444	 -7.5274	  0.0000
  7.5632	  4.4550	 -1.1838	 -0.7239	  1.0000
  7.9258	  4.4550	 -0.9635	 -1.2003	  1.0000
  8.2884	  4.4550	 -0.5601	 -1.6599	  1.0000
  8.6511	  4.4550	 12.5357	 12.5780	  0.0000
  9.0137	  4.4550	 -0.5830	 -1.7032	  1.0000
  0.3108	  4.0924	  0.8048	 -0.6910	  1.0000
  0.6734	  4.0924	  0.8785	 -1.0970	  1.0000
  1.0361	  4.0924	  1.0051	 -0.8385	  1.0000
  1.3987	  4.0924	  0.1383	 -7.7954	  0.0000
  1.7613	  4.0924	  0.8646	 -0.7661	  1.0000
  2.1239	  4.0924	 -1.4598	 13.3966	  0.0000
  2.4865	  4.0924	 12.0936	 13.1292	  0.0000
  2.8492	  4.0924	 -6.5841	  5.6216	  0.0000
  3.2118	  4.0924	  1.8901	  1.0054	  0.0000
  3.5744	  4.0924	 -3.2687	 -0.3409	  0.0000
  3.9370	  4.0924	  3.5232	 -2.7395	  0.0000
  4.2996	  4.0924	 -3.4095	 -0.4150	  0.0000
  4.6622	  4.0924	 -1.7369	 -1.1377	  1.0000
  5.0249	  4.0924	 -2.0665	 -0.9486	  1.0000
  5.3875	  4.0924	 -2.7493	 -0.8784	  1.0000
  5.7501	  4.0924	 -2.9844	 -0.4002	  1.0000
  6.1127	  4.0924	 -3.6386	  1.2004	  0.0000
  6.4753	  4.0924	 -3.5157	 -0.8262	  0.0000
  6.8380	  4.0924	 -2.6407	 -0.4152	  1.0000
  7.2006	  4.0924	 -3.6733	 -1.0207	  0.0000
  7.5632	  4.0924	 14.2775	  0.7050	  0.0000
  7.9258	  4.0924	 -1.5679	 -1.1008	  1.0000
  8.2884	  4.0924	 -1.1488	 -1.4522	  1.0000
  8.6511	  4.0924	 -0.7801	 -0.9848	  1.0000
  9.0137	  4.0924	 -0.8311	 -0.9131	  0.0000
  0.3108	  3.7298	  7.7440	 10.1068	  0.0000
  0.6734	  3.7298	  2.5762	  7.6932	  0.0000
  1.0361	  3.7298	  0.8706	 -1.0957	  1.0000
  1.3987	  3.7298	  1.2425	 -1.0909	  1.0000
  1.7613	  3.7298	  0.7491	 -1.1029	  1.0000
  2.1239	  3.7298	  0.8022	 -0.9997	  1.0000
  2.4865	  3.7298	 12.4652	-13.2772	  0.0000
  2.8492	  3.7298	  0.8716	 -0.7239	  1.0000
  3.2118	  3.7298	  1.1317	  7.7911	  0.0000
  3.5744	  3.7298	  0.2272	 -1.1087	  1.0000
  3.9370	  3.7298	  6.9680	 -8.6162	  0.0000
  4.2996	  3.7298	 -0.9294	 -1.2647	  1.0000
  4.6622	  3.7298	 -1.6078	 -1.1120	  1.0000
  5.0249	  3.7298	 -1.9500	 -0.8901	  1.0000
  5.3875	  3.7298	 -6.2833	 -9.5605	  0.0000
  5.7501	  3.7298	 -2.9031	 -0.2442	  1.0000
  6.1127	  3.7298	 -7.7227	  9.6787	  0.0000
  6.4753	  3.7298	 -2.9323	 -0.1978	  1.0000
  6.8380	  3.7298	 -2.5396	 -0.4648	  1.0000
  7.2006	  3.7298	 -2.2219	 -0.3602	  0.0000
  7.5632	  3.7298	 -5.7635	 -0.5143	  0.0000
  7.9258	  3.7298	 -1.4961	 -1.1221	  1.0000
  8.2884	  3.7298	 -1.0246	 -1.5866	  1.0000
  8.6511	  3.7298	 -0.6509	 -1.1741	  1.0000
  9.0137	  3.7298	 -0.6474	 -1.2096	  0.0000
  0.3108	  3.3672	  0.7626	 -1.5163	  1.0000
  0.6734	  3.3672	  0.6467	 -1.5287	  1.0000
  1.0361	  3.3672	  0.7481	 -1.4440	  1.0000
  1.3987	  3.3672	  1.0847	 -1.4690	  1.0000
  1.7613	  3.3672	  0.4890	 -1.6639	  1.0000
  2.1239	  3.3672	  0.5510	 -1.5565	  1.0000
  2.4865	  3.3672	  0.2926	 -1.2902	  1.0000
  2.8492	  3.3672	  0.8927	 -0.9491	  1.0000
  3.2118	  3.3672	  0.6272	 -0.7298	  1.0000
  3.5744	  3.3672	  0.3820	 -0.8246	  1.0000
  3.9370	  3.3672	 -0.3580	 -0.7177	  1.0000
  4.2996	  3.3672	 -3.0318	 -1.0589	  0.0000
  4.6622	  3.3672	  9.0148	 -7.0481	  0.0000
  5.0249	  3.3672	 -2.8625	 -0.8784	  0.0000
  5.3875	  3.3672	 -3.0565	 -1.0628	  0.0000
  5.7501	  3.3672	 -2.5437	  0.4139	  1.0000
  6.1127	  3.3672	  0.5291	  0.6625	  0.0000
  6.4753	  3.3672	 -4.6075	 -0.7631	  0.0000
  6.8380	  3.3672	-13.7845	 12.3031	  0.0000
  7.2006	  3.3672	 -2.8950	 -0.6436	  1.0000
  7.5632	  3.3672	 -2.3756	 -0.6773	  1.0000
  7.9258	  3.3672	 -4.5016	 -2.2588	  0.0000
  8.2884	  3.3672	 -7.8671	 -7.7005	  0.0000
  8.6511	  3.3672	 -1.1801	 -0.8516	  1.0000
  9.0137	  3.3672	 -0.3996	 -0.9926	  0.0000
  0.3108	  3.0046	  0.4981	 -0.8796	  1.0000
  0.6734	  3.0046	  0.3510	 -1.0760	  1.0000
  1.0361	  3.0046	  0.4273	 -1.1701	  1.0000
  1.3987	  3.0046	 -9.5137	-11.4676	  0.0000
  1.7613	  3.0046	  0.2465	 -1.4117	  1.0000
  2.1239	  3.0046	  7.2718	-10.2641	  0.0000
  2.4865	  3.0046	  0.0186	 -6.6578	  0.0000
  2.8492	  3.0046	 -2.0408	 -0.4799	  0.0000
  3.2118	  3.0046	  0.0096	 -0.5174	  1.0000
  3.5744	  3.0046	 -2.4265	 -1.3750	  0.0000
  3.9370	  3.0046	 -0.8580	 -0.1573	  1.0000
  4.2996	  3.0046	 -1.9056	 -0.8550	  0.0000
  4.6622	  3.0046	 -2.8541	 -0.8315	  0.0000
  5.0249	  3.0046	 -1.3285	  0.2967	  1.0000
  5.3875	  3.0046	  0.3640	 12.8069	  0.0000
  5.7501	  3.0046	 -6.0423	  8.8179	  0.0000
  6.1127	  3.0046	 -4.0135	 -4.0437	  0.0000
  6.4753	  3.0046	 -5.1407	-14.0990	  0.0000
  6.8380	  3.0046	 -3.5537	 -4.1914	  0.0000
  7.2006	  3.0046	 -7.7101	 -7.4931	  0.0000
  7.5632	  3.0046	  1.1471	  6.8409	  0.0000
  7.9258	  3.0046	 -4.6457	 -0.7957	  0.0000
  8.2884	  3.0046	 -7.6165	 -1.2412	  0.0000
  8.6511	  3.0046	 -1.2706	 -1.4067	  1.0000
  9.0137	  3.0046	 -0.4843	 -1.4031	  0.0000
  0.3108	  2.6419	  0.3919	 -0.6274	  1.0000
  0.6734	  2.6419	  0.2033	 -0.8539	  1.0000
  1.0361	  2.6419	  2.8237	-13.1904	  0.0000
  1.3987	  2.6419	 -0.9971	 -7.6700	  0.0000
  1.7613	  2.6419	  0.0183	 -1.9791	  1.0000
  2.1239	  2.6419	  0.1427	 -2.2401	  1.0000
  2.4865	  2.6419	 -3.0404	 -1.3662	  0.0000
  2.8492	  2.6419	 -0.1030	 -1.3486	  1.0000
  3.2118	  2.6419	  4.0648	 -7.6433	  0.0000
  3.5744	  2.6419	 -0.4972	 -0.6461	  1.0000
  3.9370	  2.6419	 -0.9367	  0.1325	  1.0000
  4.2996	  2.6419	 -1.1327	  0.2465	  1.0000
  4.6622	  2.6419	 -2.5832	 -1.0559	  0.0000
  5.0249	  2.6419	 -2.6977	 -0.9722	  0.0000
  5.3875	  2.6419	 -0.6633	 -0.8568	  0.0000
  5.7501	  2.6419	 -1.5223	  1.0606	  1.0000
  6.1127	  2.6419	 -1.9150	 -0.7838	  0.0000
  6.4753	  2.6419	 -1.7230	  0.8084	  1.0000
  6.8380	  2.6419	 -1.0442	  4.6010	  0.0000
  7.2006	  2.6419	 -1.7924	 -0.6721	  1.0000
  7.5632	  2.6419	 -4.6190	 -0.4199	  0.0000
  7.9258	  2.6419	  9.9052	-13.5331	  0.0000
  8.2884	  2.6419	 -1.6306	 -1.4307	  1.0000
  8.6511	  2.6419	 -1.7018	 -1.4158	  1.0000
  9.0137	  2.6419	 -0.4668	 -1.3782	  0.0000
  0.3108	  2.2793	  4.3877	  7.6539	  0.0000
  0.6734	  2.2793	 -0.1948	 -1.5658	  1.0000
  1.0361	  2.2793	 -0.0707	 -1.8920	  1.0000
  1.3987	  2.2793	 -0.2660	 -1.8915	  1.0000
  1.7613	  2.2793	 -0.7022	 -1.7229	  1.0000
  2.1239	  2.2793	 -0.6048	 -2.0961	  1.0000
  2.4865	  2.2793	 -0.9109	 -1.6363	  1.0000
  2.8492	  2.2793	 -0.8641	 -0.9130	  1.0000
  3.2118	  2.2793	 -1.0774	 -0.7431	  1.0000
  3.5744	  2.2793	 -1.3515	 -0.1043	  1.0000
  3.9370	  2.2793	  7.5473	  2.9360	  0.0000
  4.2996	  2.2793	 -1.2795	  0.9479	  1.0000
  4.6622	  2.2793	 -1.4610	  1.6999	  1.0000
  5.0249	  2.2793	 -2.6752	 -0.9680	  0.0000
  5.3875	  2.2793	 -1.0698	  1.3058	  1.0000
  5.7501	  2.2793	  7.6351	 14.7447	  0.0000
  6.1127	  2.2793	 -1.0183	  1.2612	  1.0000
  6.4753	  2.2793	 -1.3491	  1.1123	  1.0000
  6.8380	  2.2793	 -4.6444	 -0.0863	  0.0000
  7.2006	  2.2793	 -1.4036	 -0.3963	  1.0000
  7.5632	  2.2793	 -3.4702	  0.4909	  0.0000
  7.9258	  2.2793	 -6.4921	  0.0280	  0.0000
  8.2884	  2.2793	 -4.8281	  4.0460	  0.0000
  8.6511	  2.2793	 -1.7610	 -0.9839	  1.0000
  9.0137	  2.2793	 -1.3749	 -1.7468	  1.0000
  0.3108	  1.9167	 -0.2357	 -1.3950	  1.0000
  0.6734	  1.9167	 -7.5803	  7.6284	  0.0000
  1.0361	  1.9167	  3.4385	  7.6136	  0.0000
  1.3987	  1.9167	 -0.5893	 -1.5062	  1.0000
  1.7613	  1.9167	 -1.1489	 -1.3294	  1.0000
  2.1239	  1.9167	 -1.1476	 -1.7146	  1.0000
  2.4865	  1.9167	 -1.5348	 -1.2429	  1.0000
  2.8492	  1.9167	 -5.5545	  7.7307	  0.0000
  3.2118	  1.9167	 -1.6269	 -0.3535	  1.0000
  3.5744	  1.9167	 -3.3358	  7.7143	  0.0000
  3.9370	  1.9167	-11.3693	  3.8094	  0.0000
  4.2996	  1.9167	 -2.5652	 -0.9666	  0.0000
  4.6622	  1.9167	 -1.8298	  2.3213	  1.0000
  5.0249	  1.9167	 -1.4093	  2.4045	  1.0000
  5.3875	  1.9167	 -1.4122	  2.0620	  1.0000
  5.7501	  1.9167	 -1.1165	  2.0280	  1.0000
  6.1127	  1.9167	  7.8015	 -6.3114	  0.0000
  6.4753	  1.9167	 -3.7237	  0.0768	  0.0000
  6.8380	  1.9167	 -0.7138	  0.6179	  1.0000
  7.2006	  1.9167	 -0.6636	 -0.0196	  1.0000
  7.5632	  1.9167	 -0.9254	 -0.3449	  1.0000
  7.9258	  1.9167	 -0.8219	 -0.5521	  1.0000
  8.2884	  1.9167	  7.0735	 -7.6853	  0.0000
  8.6511	  1.9167	 -1.0148	 -0.6078	  1.0000
  9.0137	  1.9167	 -0.8195	 -1.4434	  1.0000
  0.3108	  1.5541	  0.0321	 -1.0980	  1.0000
  0.6734	  1.5541	 -0.3466	 -0.9515	  1.0000
  1.0361	  1.5541	 -0.4714	 -1.1067	  1.0000
  1.3987	  1.5541	 -0.6908	 -1.0352	  1.0000
  1.7613	  1.5541	 -1.2691	 -0.8672	  1.0000
  2.1239	  1.5541	 -1.3310	 -1.2984	  1.0000
  2.4865	  1.5541	 -1.7310	 -0.7957	  1.0000
  2.8492	  1.5541	  0.4391	 -1.9681	  0.0000
  3.2118	  1.5541	 -2.1894	 -0.1292	  1.0000
  3.5744	  1.5541	 -2.5091	  0.5368	  1.0000
  3.9370	  1.5541	 -2.3918	  1.2138	  1.0000
  4.2996	  1.5541	 -2.2384	  1.4708	  1.0000
  4.6622	  1.5541	 -2.0587	  2.2419	  1.0000
  5.0249	  1.5541	 -4.1809	 10.8274	  0.0000
  5.3875	  1.5541	 -1.1786	  2.5795	  1.0000
  5.7501	  1.5541	 -0.7948	  2.6002	  1.0000
  6.1127	  1.5541	 12.7094	  7.8816	  0.0000
  6.4753	  1.5541	 -0.2824	  1.9535	  1.0000
  6.8380	  1.5541	  7.6624	 -2.0544	  0.0000
  7.2006	  1.5541	  9.0591	  0.3275	  0.0000
  7.5632	  1.5541	 -4.6794	  0.7357	  0.0000
  7.9258	  1.5541	 -0.5785	 -0.2683	  1.0000
  8.2884	  1.5541	 -0.6879	 -0.4974	  1.0000
  8.6511	  1.5541	 -1.0069	 -0.6892	  1.0000
  9.0137	  1.5541	 -0.7986	 -1.3425	  1.0000
  0.3108	  1.1915	  7.5361	 -7.8090	  0.0000
  0.6734	  1.1915	 -0.4900	 -0.3929	  1.0000
  1.0361	  1.1915	 -5.8797	 -5.8502	  0.0000
  1.3987	  1.1915	 -0.0766	 -0.7257	  0.0000
  1.7613	  1.1915	 -1.5007	 -0.3121	  1.0000
  2.1239	  1.1915	 -1.6611	 -0.6083	  1.0000
  2.4865	  1.1915	 -2.0618	 -0.3068	  1.0000
  2.8492	  1.1915	 -2.4709	  0.0598	  1.0000
  3.2118	  1.1915	 -3.0400	 -4.6136	  0.0000
  3.5744	  1.1915	 -2.8605	  0.9222	  1.0000
  3.9370	  1.1915	  1.5333	 -0.6877	  0.0000
  4.2996	  1.1915	 -4.3902	 -0.4817	  0.0000
  4.6622	  1.1915	 -7.5772	  7.6639	  0.0000
  5.0249	  1.1915	  7.7773	 10.7289	  0.0000
  5.3875	  1.1915	 -1.0869	  3.0474	  1.0000
  5.7501	  1.1915	 -6.7704	 -7.6524	  0.0000
  6.1127	  1.1915	  0.0509	  2.5742	  1.0000
  6.4753	  1.1915	 -0.0122	  2.1929	  1.0000
  6.8380	  1.1915	 -0.1555	  1.6460	  1.0000
  7.2006	  1.1915	 -0.0425	  1.1164	  1.0000
  7.5632	  1.1915	 -7.4377	  8.4122	  0.0000
  7.9258	  1.1915	 -0.6178	  0.0426	  1.0000
  8.2884	  1.1915	  1.1675	  0.8448	  0.0000
  8.6511	  1.1915	 -1.1948	 -0.1826	  1.0000
  9.0137	  1.1915	 -1.1493	 -0.8068	  1.0000
  0.3108	  0.8288	  0.1425	 -0.4738	  0.0000
  0.6734	  0.8288	 -0.1059	 -0.4689	  0.0000
  1.0361	  0.8288	 -0.8155	 -0.4096	  1.0000
  1.3987	  0.8288	 -0.1871	 -0.5112	  0.0000
  1.7613	  0.8288	 -5.0228	  4.6205	  0.0000
  2.1239	  0.8288	 -1.8248	 -0.1955	  1.0000
  2.4865	  0.8288	 -2.2543	  0.0792	  1.0000
  2.8492	  0.8288	 -2.9647	  0.3350	  1.0000
  3.2118	  0.8288	 -3.0887	  0.4073	  1.0000
  3.5744	  0.8288	 -3.4198	  1.0793	  1.0000
  3.9370	  0.8288	 -3.2291	  1.9582	  1.0000
  4.2996	  0.8288	 -2.9634	  2.2450	  1.0000
  4.6622	  0.8288	 -2.8100	  2.6293	  1.0000
  5.0249	  0.8288	 -1.9723	  2.9128	  1.0000
  5.3875	  0.8288	 -1.2624	  3.0772	  1.0000
  5.7501	  0.8288	 -0.6328	  3.0114	  1.0000
  6.1127	  0.8288	-12.8961	 11.0322	  0.0000
  6.4753	  0.8288	  0.1486	  2.1331	  1.0000
  6.8380	  0.8288	  0.1330	  1.5009	  1.0000
  7.2006	  0.8288	  0.6248	  1.1711	  1.0000
  7.5632	  0.8288	  7.7183	  4.0852	  0.0000
  7.9258	  0.8288	 -0.0277	  0.0522	  1.0000
  8.2884	  0.8288	 -0.2401	 -0.0469	  1.0000
  8.6511	  0.8288	 -0.6883	 -0.2572	  1.0000
  9.0137	  0.8288	 -0.6209	 -0.9912	  1.0000
  0.3108	  0.4662	 -0.0278	 -0.4439	  0.0000
  0.6734	  0.4662	 -0.0672	 -0.4238	  0.0000
  1.0361	  0.4662	 -0.0713	 -0.5545	  0.0000
  1.3987	  0.4662	 -0.8835	 -0.5440	  1.0000
  1.7613	  0.4662	 -1.5491	 -0.1999	  1.0000
  2.1239	  0.4662	 -1.9959	 -0.3983	  1.0000
  2.4865	  0.4662	 -2.2908	 -0.0585	  1.0000
  2.8492	  0.4662	 -2.7879	  0.0383	  1.0000
  3.2118	  0.4662	 -2.9094	  0.0895	  1.0000
  3.5744	  0.4662	 -3.2954	  0.6992	  1.0000
  3.9370	  0.4662	-10.5193	 -4.4223	  0.0000
  4.2996	  0.4662	 -2.8740	  2.1768	  1.0000
  4.6622	  0.4662	 -2.6791	  2.5530	  1.0000
  5.0249	  0.4662	 -2.0298	  3.4083	  1.0000
  5.3875	  0.4662	 -1.4155	  3.7472	  1.0000
  5.7501	  0.4662	 -0.6842	  3.6209	  1.0000
  6.1127	  0.4662	  0.3257	  3.2785	  1.0000
  6.4753	  0.4662	  0.2573	  2.7910	  1.0000
  6.8380	  0.4662	  0.2094	  2.0901	  1.0000
  7.2006	  0.4662	  0.5264	  2.0226	  1.0000
  7.5632	  0.4662	  0.1978	  1.1590	  1.0000
  7.9258	  0.4662	 -7.6044	 -4.1818	  0.0000
  8.2884	  0.4662	 -0.3903	  0.4450	  1.0000
  8.6511	  0.4662	 -1.0151	  0.2571	  1.0000
  9.0137	  0.4662	 -1.0466	 -0.5786	  1.0000
