# x	y	u	v	mask
  0.3108	  6.9934	  1.3442	  0.6583	  1.0000
  0.6734	  6.9934	  1.4240	  0.9115	  1.0000
  1.0361	  6.9934	  0.5743	  4.2671	  0.0000
  1.3987	  6.9934	 -0.1379	 -0.1172	  0.0000
  1.7613	  6.9934	  1.0578	 -0.1939	  1.0000
  2.1239	  6.9934	  1.0857	 -0.2310	  1.0000
  2.4865	  6.9934	  0.7382	 -0.7558	  1.0000
  2.8492	  6.9934	 -0.3988	 -0.6146	  0.0000
  3.2118	  6.9934	 -0.5525	 -0.9828	  1.0000
  3.5744	  6.9934	 -1.7569	  0.0101	  1.0000
  3.9370	  6.9934	 -1.7495	  0.1501	  1.0000
  4.2996	  6.9934	 -1.4752	  0.7101	  1.0000
  4.6622	  6.9934	 -4.9483	 -2.4599	  0.0000
  5.0249	  6.9934	 -1.0974	  0.9012	  1.0000
  5.3875	  6.9934	 -0.2658	 -0.6604	  0.0000
  5.7501	  6.9934	  0.6465	  1.7399	  1.0000
  6.1127	  6.9934	  6.6304	 -7.0486	  0.0000
  6.4753	  6.9934	  0.4346	 -1.1841	  0.0000
  6.8380	  6.9934	 10.8733	  6.5877	  0.0000
  7.2006	  6.9934	  1.6810	  1.0537	  1.0000
  7.5632	  6.9934	  0.8955	  1.5869	  1.0000
  7.9258	  6.9934	 -0.3304	 -0.4408	  0.0000
  8.2884	  6.9934	 -0.4248	 -0.4457	  0.0000
  8.6511	  6.9934	 -1.5506	  2.3209	  1.0000
  9.0137	  6.9934	 -2.1123	  2.7304	  1.0000
  0.3108	  6.6308	  1.2303	  0.2502	  1.0000
  0.6734	  6.6308	  1.3039	  0.4781	  1.0000
  1.0361	  6.6308	 -0.3357	 -0.6116	  0.0000
  1.3987	  6.6308	 10.9360	  0.2981	  0.0000
  1.7613	  6.6308	  0.6486	 -0.0419	  0.0000
  2.1239	  6.6308	  1.0607	 -0.3634	  1.0000
  2.4865	  6.6308	  0.4013	  7.7043	  0.0000
  2.8492	  6.6308	 -9.3054	-13.3513	  0.0000
  3.2118	  6.6308	 -0.4744	 -0.8680	  1.0000
  3.5744	  6.6308	 -1.6963	 -0.2869	  1.0000
  3.9370	  6.6308	 -1.9201	 -0.3945	  1.0000
  4.2996	  6.6308	 -1.7366	  0.0830	  1.0000
  4.6622	  6.6308	 -8.4024	 12.3433	  0.0000
  5.0249	  6.6308	 -1.4251	  0.3257	  1.0000
  5.3875	  6.6308	 -0.2728	 -0.7089	  0.0000
  5.7501	  6.6308	  0.0563	  1.0308	  1.0000
  6.1127	  6.6308	  1.4138	  0.6782	  1.0000
  6.4753	  6.6308	  7.1559	  7.7025	  0.0000
  6.8380	  6.6308	  1.5606	  0.9530	  1.0000
  7.2006	  6.6308	  1.2873	  1.0745	  1.0000
  7.5632	  6.6308	 -0.1100	 -0.3786	  0.0000
  7.9258	  6.6308	 -0.1735	  1.6540	  1.0000
  8.2884	  6.6308	 -4.8264	  8.1988	  0.0000
  8.6511	  6.6308	 -7.7743	  8.0797	  0.0000
  9.0137	  6.6308	 -1.9916	  2.5171	  1.0000
  0.3108	  6.2681	  1.5102	 -0.3389	  1.0000
  0.6734	  6.2681	  1.5128	 -0.0483	  1.0000
  1.0361	  6.2681	  1.4409	 -0.6061	  1.0000
  1.3987	  6.2681	  1.5244	 -0.5456	  1.0000
  1.7613	  6.2681	  4.6037	  8.5844	  0.0000
  2.1239	  6.2681	  1.2264	 -0.9823	  1.0000
  2.4865	  6.2681	  0.7282	 -1.0087	  1.0000
  2.8492	  6.2681	  1.0253	 -1.8765	  0.0000
  3.2118	  6.2681	  7.6488	  8.5497	  0.0000
  3.5744	  6.2681	 -1.5799	 -0.5985	  1.0000
  3.9370	  6.2681	 -2.0090	 -0.5617	  1.0000
  4.2996	  6.2681	 -1.6612	  0.1407	  0.0000
  4.6622	  6.2681	 -6.6507	  7.3723	  0.0000
  5.0249	  6.2681	  8.5987	  7.4001	  0.0000
  5.3875	  6.2681	 -0.1896	 -0.6432	  0.0000
  5.7501	  6.2681	  0.4612	  1.5088	  1.0000
  6.1127	  6.2681	  1.5442	 -3.6420	  0.0000
  6.4753	  6.2681	 13.4970	-10.3263	  0.0000
  6.8380	  6.2681	 -0.1203	 -0.2078	  0.0000
  7.2006	  6.2681	  1.3901	  1.2577	  1.0000
  7.5632	  6.2681	  0.6878	  1.8080	  1.0000
  7.9258	  6.2681	 -0.3297	  1.7242	  1.0000
  8.2884	  6.2681	 -0.7411	  1.7581	  1.0000
  8.6511	  6.2681	 -1.4837	  2.1711	  1.0000
  9.0137	  6.2681	 -1.9915	  2.6389	  1.0000
  0.3108	  5.9055	  1.5394	 -0.3474	  1.0000
  0.6734	  5.9055	  1.5100	 -0.0943	  1.0000
  1.0361	  5.9055	  0.5654	 11.1049	  0.0000
  1.3987	  5.9055	 -5.2582	 -7.7325	  0.0000
  1.7613	  5.9055	  1.0172	 -0.3537	  1.0000
  2.1239	  5.9055	  7.7971	 -9.5978	  0.0000
  2.4865	  5.9055	  0.5770	 -0.6924	  0.0000
  2.8492	  5.9055	 -0.0718	 -0.9151	  0.0000
  3.2118	  5.9055	 -0.6596	 -0.8388	  1.0000
  3.5744	  5.9055	 -0.5239	 -0.4093	  0.0000
  3.9370	  5.9055	 -1.7235	 -0.5617	  1.0000
  4.2996	  5.9055	 -7.6595	 -8.0645	  0.0000
  4.6622	  5.9055	 -1.6984	  0.1394	  1.0000
  5.0249	  5.9055	 -1.3810	  0.2684	  1.0000
  5.3875	  5.9055	 -0.6101	  0.8559	  1.0000
  5.7501	  5.9055	  0.0452	  1.5456	  1.0000
  6.1127	  5.9055	 -2.3679	 10.6126	  0.0000
  6.4753	  5.9055	 -8.3030	 12.0531	  0.0000
  6.8380	  5.9055	  0.8442	  1.5450	  1.0000
  7.2006	  5.9055	 11.1412	 -7.7767	  0.0000
  7.5632	  5.9055	  0.0723	 -0.5798	  0.0000
  7.9258	  5.9055	 -0.7498	  1.9983	  1.0000
  8.2884	  5.9055	 -0.9456	  1.8337	  1.0000
  8.6511	  5.9055	 -1.5812	  2.1556	  1.0000
  9.0137	  5.9055	 -2.0920	  2.5781	  1.0000
  0.3108	  5.5429	  1.4681	 -1.7289	  1.0000
  0.6734	  5.5429	 -0.2754	 -0.9264	  0.0000
  1.0361	  5.5429	  1.0119	 -1.4826	  0.0000
  1.3987	  5.5429	  1.0221	 -0.5664	  1.0000
  1.7613	  5.5429	  1.0369	 -0.4246	  1.0000
  2.1239	  5.5429	  0.9496	 -0.3649	  1.0000
  2.4865	  5.5429	  0.4118	 -0.1078	  1.0000
  2.8492	  5.5429	  1.2456	 -1.6419	  0.0000
  3.2118	  5.5429	  1.0438	 -1.3242	  0.0000
  3.5744	  5.5429	 -1.1284	 -0.1724	  1.0000
  3.9370	  5.5429	 -1.5036	 -0.3902	  1.0000
  4.2996	  5.5429	 -1.4929	  0.2284	  1.0000
  4.6622	  5.5429	 -7.9532	 -7.9614	  0.0000
  5.0249	  5.5429	 -7.5844	 -7.6780	  0.0000
  5.3875	  5.5429	 -0.0148	 -0.6067	  0.0000
  5.7501	  5.5429	 -0.4172	 -0.5740	  0.0000
  6.1127	  5.5429	  0.1097	  1.6994	  1.0000
  6.4753	  5.5429	  0.3741	  1.6602	  1.0000
  6.8380	  5.5429	 -1.0366	 -0.0771	  0.0000
  7.2006	  5.5429	  0.1381	  1.7365	  1.0000
  7.5632	  5.5429	  0.1770	 -0.3388	  0.0000
  7.9258	  5.5429	 -1.0309	  1.7749	  1.0000
  8.2884	  5.5429	 -0.1535	 -0.0312	  0.0000
  8.6511	  5.5429	 -0.0774	 -0.1170	  0.0000
  9.0137	  5.5429	 -1.8317	  2.3804	  1.0000
  0.3108	  5.1803	  1.4334	 -2.0946	  1.0000
  0.6734	  5.1803	  1.1881	  3.4977	  0.0000
  1.0361	  5.1803	  8.2250	-12.6602	  0.0000
  1.3987	  5.1803	  1.0074	 -0.6353	  1.0000
  1.7613	  5.1803	  1.0903	 -0.0754	  1.0000
  2.1239	  5.1803	 -6.2706	 -9.3771	  0.0000
  2.4865	  5.1803	  8.1961	 -5.8455	  0.0000
  2.8492	  5.1803	  0.3929	  0.6202	  1.0000
  3.2118	  5.1803	  1.3961	 -0.9298	  0.0000
  3.5744	  5.1803	 -0.6613	 -0.3084	  1.0000
  3.9370	  5.1803	 -1.0794	 -0.5665	  1.0000
  4.2996	  5.1803	-13.7015	 -7.7535	  0.0000
  4.6622	  5.1803	 -1.7818	 -0.3107	  1.0000
  5.0249	  5.1803	 -1.7393	 -0.1292	  1.0000
  5.3875	  5.1803	  9.0312	 14.1576	  0.0000
  5.7501	  5.1803	 -0.2790	 -0.2796	  0.0000
  6.1127	  5.1803	 -0.5678	  1.4656	  1.0000
  6.4753	  5.1803	 13.7443	 11.9257	  0.0000
  6.8380	  5.1803	 -0.4605	  0.9747	  0.0000
  7.2006	  5.1803	  0.1359	  1.3355	  1.0000
  7.5632	  5.1803	  0.3227	 -0.5917	  0.0000
  7.9258	  5.1803	 -0.1507	 -0.1265	  0.0000
  8.2884	  5.1803	 -0.3084	  0.9684	  1.0000
  8.6511	  5.1803	 -7.5839	 12.2579	  0.0000
  9.0137	  5.1803	 -0.7623	  1.1555	  1.0000
  0.3108	  4.8177	  1.2608	 -2.0050	  1.0000
  0.6734	  4.8177	  4.0872	  4.0757	  0.0000
  1.0361	  4.8177	  0.3874	 -0.9210	  0.0000
  1.3987	  4.8177	  1.0050	 -1.6010	  0.0000
  1.7613	  4.8177	  0.6824	  0.1436	  1.0000
  2.1239	  4.8177	 -5.8393	 14.7333	  0.0000
  2.4865	  4.8177	  0.1121	  0.6008	  1.0000
  2.8492	  4.8177	  0.3254	  0.8795	  1.0000
  3.2118	  4.8177	 -0.1045	  0.2599	  1.0000
  3.5744	  4.8177	  1.0694	 -1.1793	  0.0000
  3.9370	  4.8177	  0.9207	 -1.1392	  0.0000
  4.2996	  4.8177	 -1.2335	 -0.9378	  1.0000
  4.6622	  4.8177	  0.3014	 -0.1664	  0.0000
  5.0249	  4.8177	 -1.7747	 -0.5787	  1.0000
  5.3875	  4.8177	 -2.0310	  0.1987	  1.0000
  5.7501	  4.8177	 -1.9628	  1.0450	  1.0000
  6.1127	  4.8177	 -0.4300	 -0.4632	  0.0000
  6.4753	  4.8177	 -0.6983	  1.7712	  1.0000
  6.8380	  4.8177	 -9.8534	 11.7766	  0.0000
  7.2006	  4.8177	 -2.2066	  3.4104	  0.0000
  7.5632	  4.8177	 -0.1419	  1.3083	  1.0000
  7.9258	  4.8177	-10.8702	  8.3546	  0.0000
  8.2884	  4.8177	  0.0985	  0.0669	  0.0000
  8.6511	  4.8177	 -0.2366	  0.4960	  1.0000
  9.0137	  4.8177	 -0.5168	  0.7959	  1.0000
  0.3108	  4.4550	-14.0498	-10.9378	  0.0000
  0.6734	  4.4550	  4.2565	 -7.7808	  0.0000
  1.0361	  4.4550	  9.5674	-10.8109	  0.0000
  1.3987	  4.4550	  1.1741	 -1.8333	  0.0000
  1.7613	  4.4550	  0.7584	  0.8434	  1.0000
  2.1239	  4.4550	-12.4480	 11.0780	  0.0000
  2.4865	  4.4550	  1.4271	  7.6526	  0.0000
  2.8492	  4.4550	  0.4760	  1.4020	  1.0000
  3.2118	  4.4550	 -0.0305	  0.7636	  1.0000
  3.5744	  4.4550	 -0.0510	 -0.0411	  1.0000
  3.9370	  4.4550	 -0.7046	  8.6584	  0.0000
  4.2996	  4.4550	 -1.0853	 -0.7263	  1.0000
  4.6622	  4.4550	 -1.6813	 -0.8018	  1.0000
  5.0249	  4.4550	  0.1589	 -0.2998	  0.0000
  5.3875	  4.4550	 -9.9976	  4.6806	  0.0000
  5.7501	  4.4550	 -2.1403	  0.8294	  1.0000
  6.1127	  4.4550	 -0.3232	 -0.3042	  0.0000
  6.4753	  4.4550	 -0.9183	  1.7590	  1.0000
  6.8380	  4.4550	 -0.6472	 -0.5527	  0.0000
  7.2006	  4.4550	-10.6787	 10.4933	  0.0000
  7.5632	  4.4550	  5.0966	 -6.2541	  0.0000
  7.9258	  4.4550	 -0.0374	  0.4529	  1.0000
  8.2884	  4.4550	  0.2794	  0.2359	  1.0000
  8.6511	  4.4550	  0.2120	 -0.0746	  1.0000
  9.0137	  4.4550	  0.0313	  0.1030	  1.0000
  0.3108	  4.0924	  7.6761	 -7.7437	  0.0000
  0.6734	  4.0924	  1.6020	 -0.1683	  1.0000
  1.0361	  4.0924	  0.7883	  0.5630	  1.0000
  1.3987	  4.0924	  1.1044	 -1.4406	  0.0000
  1.7613	  4.0924	  0.7646	  1.4306	  1.0000
  2.1239	  4.0924	  1.6811	 10.7521	  0.0000
  2.4865	  4.0924	  0.0857	  1.6866	  1.0000
  2.8492	  4.0924	  0.8216	 -1.2067	  0.0000
  3.2118	  4.0924	  1.1302	 -0.8985	  0.0000
  3.5744	  4.0924	 -2.8725	  7.5785	  0.0000
  3.9370	  4.0924	  7.5195	 -9.0675	  0.0000
  4.2996	  4.0924	  0.3588	 -0.3331	  0.0000
  4.6622	  4.0924	 -7.5751	 -0.6034	  0.0000
  5.0249	  4.0924	 -4.6203	 -7.6868	  0.0000
  5.3875	  4.0924	 -7.8343	 -8.9505	  0.0000
  5.7501	  4.0924	 -2.2099	  1.5460	  1.0000
  6.1127	  4.0924	 -1.9872	  2.0603	  1.0000
  6.4753	  4.0924	 -4.6280	  7.6439	  0.0000
  6.8380	  4.0924	 -0.5995	  0.0743	  0.0000
  7.2006	  4.0924	  0.0025	  1.3634	  1.0000
  7.5632	  4.0924	  0.6102	  0.6433	  0.0000
  7.9258	  4.0924	  7.8458	 -7.7389	  0.0000
  8.2884	  4.0924	  7.7607	 -6.7680	  0.0000
  8.6511	  4.0924	  0.0381	 -0.0069	  0.0000
  9.0137	  4.0924	  0.0011	 -0.0067	  0.0000
  0.3108	  3.7298	  0.6107	 -0.7412	  1.0000
  0.6734	  3.7298	  0.9627	 -0.3327	  1.0000
  1.0361	  3.7298	  0.4437	  0.8338	  1.0000
  1.3987	  3.7298	  0.3382	  1.2553	  1.0000
  1.7613	  3.7298	  0.3287	  1.7317	  1.0000
  2.1239	  3.7298	  0.3828	 -0.9345	  0.0000
  2.4865	  3.7298	 -8.7135	  7.7640	  0.0000
  2.8492	  3.7298	  0.1841	  2.0057	  1.0000
  3.2118	  3.7298	 -0.0757	  1.5690	  1.0000
  3.5744	  3.7298	  7.8595	  4.2947	  0.0000
  3.9370	  3.7298	  7.9069	  5.2188	  0.0000
  4.2996	  3.7298	  9.3320	 -9.9810	  0.0000
  4.6622	  3.7298	 -1.8336	 -0.1364	  1.0000
  5.0249	  3.7298	 -7.6582	 -8.3901	  0.0000
  5.3875	  3.7298	 -2.4255	  0.7084	  1.0000
  5.7501	  3.7298	 -2.7690	  1.2025	  1.0000
  6.1127	  3.7298	 -2.6507	  1.6490	  1.0000
  6.4753	  3.7298	 -2.0090	  1.7352	  1.0000
  6.8380	  3.7298	 -0.5027	 -0.0049	  0.0000
  7.2006	  3.7298	  8.9758	 -7.7517	  0.0000
  7.5632	  3.7298	  0.0689	  0.7087	  1.0000
  7.9258	  3.7298	  0.1625	  0.1720	  1.0000
  8.2884	  3.7298	  0.4836	 -0.0794	  0.0000
  8.6511	  3.7298	  0.9117	 -0.6282	  1.0000
  9.0137	  3.7298	 -0.0524	  0.1767	  0.0000
  0.3108	  3.3672	  7.3999	  7.8088	  0.0000
  0.6734	  3.3672	  2.7777	  7.5989	  0.0000
  1.0361	  3.3672	 -5.9149	  9.2656	  0.0000
  1.3987	  3.3672	  1.0900	 -0.9426	  0.0000
  1.7613	  3.3672	 10.8080	  7.8247	  0.0000
  2.1239	  3.3672	 -0.0713	  1.5893	  1.0000
  2.4865	  3.3672	  1.8564	 -1.5626	  0.0000
  2.8492	  3.3672	 -0.0078	  2.0301	  1.0000
  3.2118	  3.3672	  0.0379	  1.4225	  1.0000
  3.5744	  3.3672	  1.2339	 -0.5983	  0.0000
  3.9370	  3.3672	 -0.6386	  0.1220	  1.0000
  4.2996	  3.3672	 -1.3641	  0.1117	  1.0000
  4.6622	  3.3672	 -1.8062	  0.1303	  1.0000
  5.0249	  3.3672	 -2.2248	  0.3955	  1.0000
  5.3875	  3.3672	 -2.1821	  1.1964	  1.0000
  5.7501	  3.3672	-13.8744	 -6.7383	  0.0000
  6.1127	  3.3672	 -7.8484	 13.1900	  0.0000
  6.4753	  3.3672	  7.7393	  9.8339	  0.0000
  6.8380	  3.3672	 -0.4669	  0.0948	  0.0000
  7.2006	  3.3672	  7.6551	  1.6965	  0.0000
  7.5632	  3.3672	  0.4257	 -1.1521	  0.0000
  7.9258	  3.3672	  4.0006	 -7.0335	  0.0000
  8.2884	  3.3672	  0.0007	  0.1421	  0.0000
  8.6511	  3.3672	  1.1161	 -0.4204	  1.0000
  9.0137	  3.3672	  1.0806	 -0.4498	  1.0000
  0.3108	  3.0046	  0.5444	  1.1618	  1.0000
  0.6734	  3.0046	 -7.1822	 13.3410	  0.0000
  1.0361	  3.0046	  7.5472	 -0.9712	  0.0000
  1.3987	  3.0046	  0.3360	  0.3586	  0.0000
  1.7613	  3.0046	  1.4667	 -1.4977	  0.0000
  2.1239	  3.0046	 -0.0118	  1.6833	  1.0000
  2.4865	  3.0046	  3.1723	  7.8379	  0.0000
  2.8492	  3.0046	  0.2044	  1.8294	  1.0000
  3.2118	  3.0046	-14.3404	  5.2144	  0.0000
  3.5744	  3.0046	  0.0877	  0.4854	  0.0000
  3.9370	  3.0046	 -0.7890	  0.5138	  1.0000
  4.2996	  3.0046	 -1.2570	  0.4791	  1.0000
  4.6622	  3.0046	 -1.7976	  0.3851	  1.0000
  5.0249	  3.0046	 -4.1751	 10.3456	  0.0000
  5.3875	  3.0046	 -7.7289	  7.6490	  0.0000
  5.7501	  3.0046	 -2.2065	  1.6201	  1.0000
  6.1127	  3.0046	 -1.2252	  1.2757	  0.0000
  6.4753	  3.0046	 -0.9254	  1.7521	  1.0000
  6.8380	  3.0046	 -0.3764	  0.2731	  0.0000
  7.2006	  3.0046	-10.4534	  9.9494	  0.0000
  7.5632	  3.0046	  0.7070	  0.9801	  1.0000
  7.9258	  3.0046	  4.4924	 -6.7176	  0.0000
  8.2884	  3.0046	  0.8615	  0.3565	  1.0000
  8.6511	  3.0046	  0.8304	  0.2417	  1.0000
  9.0137	  3.0046	  0.8947	  0.1310	  1.0000
  0.3108	  2.6419	  0.0564	  1.4047	  1.0000
  0.6734	  2.6419	  0.0697	 -7.6338	  0.0000
  1.0361	  2.6419	-12.2200	-10.3882	  0.0000
  1.3987	  2.6419	  0.9424	 -1.5423	  0.0000
  1.7613	  2.6419	  1.6593	 -1.4931	  0.0000
  2.1239	  2.6419	  1.6348	  7.7514	  0.0000
  2.4865	  2.6419	  0.0727	  1.8300	  1.0000
  2.8492	  2.6419	 -0.0362	  1.7552	  1.0000
  3.2118	  2.6419	  7.5221	 -8.5458	  0.0000
  3.5744	  2.6419	 -0.4178	  1.3562	  1.0000
  3.9370	  2.6419	-10.7662	-10.6485	  0.0000
  4.2996	  2.6419	 -0.8951	  1.1627	  1.0000
  4.6622	  2.6419	 -1.3259	  0.9794	  1.0000
  5.0249	  2.6419	 -1.6348	  1.2246	  1.0000
  5.3875	  2.6419	 -1.3483	  1.8289	  1.0000
  5.7501	  2.6419	 -1.4255	  1.8197	  1.0000
  6.1127	  2.6419	 -0.5453	  0.0340	  0.0000
  6.4753	  2.6419	 -0.4055	  1.7844	  1.0000
  6.8380	  2.6419	 -0.5185	  0.2605	  0.0000
  7.2006	  2.6419	 -4.5100	 -0.7483	  0.0000
  7.5632	  2.6419	  0.7794	  1.0850	  1.0000
  7.9258	  2.6419	  0.6426	  0.5800	  1.0000
  8.2884	  2.6419	  0.7516	  0.6350	  1.0000
  8.6511	  2.6419	  0.6666	  0.5686	  1.0000
  9.0137	  2.6419	  0.6850	  0.4984	  1.0000
  0.3108	  2.2793	  0.4613	  1.2042	  1.0000
  0.6734	  2.2793	  0.2517	  1.5767	  1.0000
  1.0361	  2.2793	  0.2376	  1.6316	  1.0000
  1.3987	  2.2793	  1.1582	 -1.1695	  0.0000
  1.7613	  2.2793	-14.2701	 11.3689	  0.0000
  2.1239	  2.2793	 -0.0494	  1.6411	  1.0000
  2.4865	  2.2793	  1.1750	 -0.7853	  0.0000
  2.8492	  2.2793	 -0.3664	  1.7459	  1.0000
  3.2118	  2.2793	 -0.3795	  1.5551	  1.0000
  3.5744	  2.2793	  1.0450	 -0.2910	  0.0000
  3.9370	  2.2793	 -0.6372	  1.3359	  1.0000
  4.2996	  2.2793	 -0.7538	  1.4036	  1.0000
  4.6622	  2.2793	 -1.0995	  1.1137	  1.0000
  5.0249	  2.2793	 -0.9492	  1.2606	  1.0000
  5.3875	  2.2793	 -0.4814	  1.8831	  1.0000
  5.7501	  2.2793	  0.0734	  0.2212	  0.0000
  6.1127	  2.2793	  2.4791	  6.8816	  0.0000
  6.4753	  2.2793	  5.4560	  8.9858	  0.0000
  6.8380	  2.2793	 -0.8076	 -0.1932	  0.0000
  7.2006	  2.2793	  0.9430	  1.5057	  1.0000
  7.5632	  2.2793	  0.9008	  1.1712	  1.0000
  7.9258	  2.2793	  0.3871	  0.2371	  0.0000
  8.2884	  2.2793	 -5.3253	 15.1394	  0.0000
  8.6511	  2.2793	  0.7339	  0.7306	  1.0000
  9.0137	  2.2793	 -0.0319	  0.0140	  0.0000
  0.3108	  1.9167	  3.9632	  7.8072	  0.0000
  0.6734	  1.9167	 -0.5523	  7.5527	  0.0000
  1.0361	  1.9167	 -0.2650	  0.9494	  1.0000
  1.3987	  1.9167	 -0.3649	  1.2890	  1.0000
  1.7613	  1.9167	 -0.6515	  1.6469	  1.0000
  2.1239	  1.9167	 -0.6739	  1.6536	  1.0000
  2.4865	  1.9167	 -0.8821	  2.1200	  1.0000
  2.8492	  1.9167	 -0.8537	  1.8655	  1.0000
  3.2118	  1.9167	  7.8298	  7.7796	  0.0000
  3.5744	  1.9167	 -4.5986	  7.6619	  0.0000
  3.9370	  1.9167	  0.6589	  0.0203	  0.0000
  4.2996	  1.9167	 -0.3445	  1.7560	  1.0000
  4.6622	  1.9167	-11.1379	  7.2262	  0.0000
  5.0249	  1.9167	 -0.0145	  1.4119	  1.0000
  5.3875	  1.9167	  0.1384	  1.9086	  1.0000
  5.7501	  1.9167	  0.2755	  1.6741	  1.0000
  6.1127	  1.9167	  0.3388	  1.6772	  1.0000
  6.4753	  1.9167	 -0.0130	  0.4825	  0.0000
  6.8380	  1.9167	  0.9294	  0.9655	  1.0000
  7.2006	  1.9167	  4.2571	  0.1618	  0.0000
  7.5632	  1.9167	  0.3046	  0.6565	  0.0000
  7.9258	  1.9167	  0.5836	  7.2426	  0.0000
  8.2884	  1.9167	 -6.9477	  7.9898	  0.0000
  8.6511	  1.9167	  1.0037	  0.6763	  1.0000
  9.0137	  1.9167	  1.0286	  0.5143	  1.0000
  0.3108	  1.5541	 -2.7692	-10.2406	  0.0000
  0.6734	  1.5541	 -0.3471	  0.5814	  1.0000
  1.0361	  1.5541	  2.7119	  7.6881	  0.0000
  1.3987	  1.5541	 -1.1194	  1.3086	  1.0000
  1.7613	  1.5541	 -1.4633	  1.7189	  1.0000
  2.1239	  1.5541	  1.7778	 -3.4905	  0.0000
  2.4865	  1.5541	 -1.4338	  2.4912	  1.0000
  2.8492	  1.5541	 -1.2052	  2.3795	  1.0000
  3.2118	  1.5541	 -0.6705	  2.2907	  1.0000
  3.5744	  1.5541	 -0.1156	  1.7628	  1.0000
  3.9370	  1.5541	  0.3190	  1.5103	  1.0000
  4.2996	  1.5541	 -0.1415	  7.6303	  0.0000
  4.6622	  1.5541	  0.4227	  1.2671	  1.0000
  5.0249	  1.5541	  0.7950	  1.0394	  1.0000
  5.3875	  1.5541	  0.8235	  0.4811	  0.0000
  5.7501	  1.5541	  0.9596	  1.1153	  1.0000
  6.1127	  1.5541	  1.2737	  1.0413	  1.0000
  6.4753	  1.5541	  1.3274	  1.0473	  1.0000
  6.8380	  1.5541	  1.4650	  0.7860	  1.0000
  7.2006	  1.5541	  1.4189	  1.2105	  1.0000
  7.5632	  1.5541	  1.1365	  1.1703	  1.0000
  7.9258	  1.5541	  1.2513	  0.6437	  1.0000
  8.2884	  1.5541	  7.7304	 -6.7199	  0.0000
  8.6511	  1.5541	  1.0976	  0.9716	  1.0000
  9.0137	  1.5541	  0.1504	  0.3523	  0.0000
  0.3108	  1.1915	  0.9966	  0.7781	  1.0000
  0.6734	  1.1915	 -0.4137	  0.2926	  0.0000
  1.0361	  1.1915	 12.8437	 -7.6193	  0.0000
  1.3987	  1.1915	 -1.1280	  1.7512	  1.0000
  1.7613	  1.1915	 -1.5361	  2.2281	  1.0000
  2.1239	  1.1915	 -1.7084	  2.6183	  1.0000
  2.4865	  1.1915	 -1.9701	  2.8656	  1.0000
  2.8492	  1.1915	 -1.4246	  2.9521	  1.0000
  3.2118	  1.1915	 -0.7397	  2.7791	  1.0000
  3.5744	  1.1915	 -0.0100	  2.3273	  1.0000
  3.9370	  1.1915	  0.5738	  2.0435	  1.0000
  4.2996	  1.1915	  0.8755	 -0.0645	  0.0000
  4.6622	  1.1915	 13.9604	 -5.4766	  0.0000
  5.0249	  1.1915	  1.4198	  1.2366	  1.0000
  5.3875	  1.1915	  0.3327	  1.0375	  0.0000
  5.7501	  1.1915	  0.0567	 -2.5661	  0.0000
  6.1127	  1.1915	 12.8383	 -4.9983	  0.0000
  6.4753	  1.1915	 -0.1004	  0.0434	  0.0000
  6.8380	  1.1915	  1.8716	  0.7693	  1.0000
  7.2006	  1.1915	  7.6038	 -7.7323	  0.0000
  7.5632	  1.1915	  1.3991	  1.2491	  1.0000
  7.9258	  1.1915	  1.5112	  0.6606	  1.0000
  8.2884	  1.1915	  1.5545	  0.6949	  1.0000
  8.6511	  1.1915	  0.0162	  0.5198	  0.0000
  9.0137	  1.1915	 -0.0133	  0.6010	  0.0000
  0.3108	  0.8288	  1.0437	  0.7501	  1.0000
  0.6734	  0.8288	  7.8614	 -0.4188	  0.0000
  1.0361	  0.8288	 -0.6842	  1.3185	  1.0000
  1.3987	  0.8288	 -1.0920	  1.6600	  1.0000
  1.7613	  0.8288	  0.9708	 -0.2666	  0.0000
  2.1239	  0.8288	-15.1614	  1.4454	  0.0000
  2.4865	  0.8288	 -2.0735	  3.0682	  1.0000
  2.8492	  0.8288	 -1.9078	  7.6773	  0.0000
  3.2118	  0.8288	 -0.9161	  3.1632	  1.0000
  3.5744	  0.8288	  0.0410	  2.6276	  1.0000
  3.9370	  0.8288	  9.4322	 -4.2715	  0.0000
  4.2996	  0.8288	  0.9779	  0.5815	  0.0000
  4.6622	  0.8288	  1.2898	  1.5203	  1.0000
  5.0249	  0.8288	  1.7856	  1.0412	  1.0000
  5.3875	  0.8288	 -2.0242	 11.8290	  0.0000
  5.7501	  0.8288	  0.6935	  2.0962	  0.0000
  6.1127	  0.8288	  1.9556	  0.5807	  1.0000
  6.4753	  0.8288	  1.8603	  0.5944	  1.0000
  6.8380	  0.8288	  1.4019	 -0.6607	  0.0000
  7.2006	  0.8288	  1.9876	  0.5979	  1.0000
  7.5632	  0.8288	  1.6229	  0.6953	  1.0000
  7.9258	  0.8288	  1.9142	  0.2454	  1.0000
  8.2884	  0.8288	  0.1712	  0.4020	  0.0000
  8.6511	  0.8288	  1.5688	  0.4852	  1.0000
  9.0137	  0.8288	 11.8831	-13.9932	  0.0000
  0.3108	  0.4662	  0.0328	  0.4515	  0.0000
  0.6734	  0.4662	 -0.0792	  0.6159	  0.0000
  1.0361	  0.4662	 -0.9535	  0.8607	  1.0000
  1.3987	  0.4662	 -1.4125	  1.3277	  1.0000
  1.7613	  0.4662	 -9.4043	  4.4644	  0.0000
  2.1239	  0.4662	-13.1449	 12.5342	  0.0000
  2.4865	  0.4662	 -2.6034	  3.0546	  1.0000
  2.8492	  0.4662	 -1.7420	  3.1169	  1.0000
  3.2118	  0.4662	 -5.9264	  7.6384	  0.0000
  3.5744	  0.4662	  0.4107	  2.2805	  1.0000
  3.9370	  0.4662	  7.5853	  6.9837	  0.0000
  4.2996	  0.4662	  1.6697	  1.6778	  1.0000
  4.6622	  0.4662	 -0.1778	 -7.8587	  0.0000
  5.0249	  0.4662	  2.5758	  0.6749	  1.0000
  5.3875	  0.4662	  1.4997	  0.9438	  0.0000
  5.7501	  0.4662	  2.2137	  0.2312	  1.0000
  6.1127	  0.4662	  2.2052	  0.3831	  1.0000
  6.4753	  0.4662	  2.0850	  0.4290	  1.0000
  6.8380	  0.4662	  2.1167	  1.4971	  0.0000
  7.2006	  0.4662	  2.5079	  0.0622	  1.0000
  7.5632	  0.4662	  2.0208	  0.2383	  1.0000
  7.9258	  0.4662	  0.1008	  0.6608	  0.0000
  8.2884	  0.4662	  3.0713	  7.7906	  0.0000
  8.6511	  0.4662	  2.1579	 -0.2310	  1.0000
  9.0137	  0.4662	  2.3370	 -0.5540	  1.0000
