# x	y	u	v	mask
  0.3108	  6.9934	 -7.7203	 -0.7990	  0.0000
  0.6734	  6.9934	 -0.8140	  1.9369	  1.0000
  1.0361	  6.9934	 -0.6925	  1.8805	  1.0000
  1.3987	  6.9934	  1.1994	  0.0588	  0.0000
  1.7613	  6.9934	 -0.0021	  2.2934	  1.0000
  2.1239	  6.9934	  1.1855	 -0.7555	  0.0000
  2.4865	  6.9934	 -0.0790	  1.8483	  1.0000
  2.8492	  6.9934	 -0.1486	  1.7334	  1.0000
  3.2118	  6.9934	 -1.6939	 -0.3993	  0.0000
  3.5744	  6.9934	 -0.9328	  1.3055	  1.0000
  3.9370	  6.9934	  0.6605	  2.7098	  0.0000
  4.2996	  6.9934	 -1.6538	  0.5794	  1.0000
  4.6622	  6.9934	  3.1723	 -0.7231	  0.0000
  5.0249	  6.9934	 -1.7492	  0.4438	  1.0000
  5.3875	  6.9934	 -0.6490	 -0.1097	  1.0000
  5.7501	  6.9934	 -0.8129	  0.5513	  0.0000
  6.1127	  6.9934	  0.7633	  0.1560	  1.0000
  6.4753	  6.9934	  1.2357	  0.0622	  1.0000
  6.8380	  6.9934	  0.4033	  0.0927	  0.0000
  7.2006	  6.9934	  1.9682	  0.3564	  1.0000
  7.5632	  6.9934	  1.4575	 -0.0158	  1.0000
  7.9258	  6.9934	  6.2710	 10.6750	  0.0000
  8.2884	  6.9934	 -0.0264	  0.1614	  1.0000
  8.6511	  6.9934	 -0.3493	  0.1322	  1.0000
  9.0137	  6.9934	 -0.7237	  0.2008	  1.0000
  0.3108	  6.6308	 -0.8829	  1.9130	  1.0000
  0.6734	  6.6308	 -0.7205	  1.8958	  1.0000
  1.0361	  6.6308	  7.8310	  9.0632	  0.0000
  1.3987	  6.6308	 -0.5279	  2.2393	  1.0000
  1.7613	  6.6308	 -0.0607	  2.2272	  1.0000
  2.1239	  6.6308	  0.2403	  2.7258	  1.0000
  2.4865	  6.6308	 -7.8081	  7.6621	  0.0000
  2.8492	  6.6308	  0.0392	  2.1812	  1.0000
  3.2118	  6.6308	 -0.3755	  1.8519	  1.0000
  3.5744	  6.6308	 -2.6827	  2.3088	  0.0000
  3.9370	  6.6308	 -1.4306	  0.8033	  0.0000
  4.2996	  6.6308	 -1.3583	  1.0470	  1.0000
  4.6622	  6.6308	 -1.9784	  0.7199	  1.0000
  5.0249	  6.6308	 -1.7839	  0.9686	  0.0000
  5.3875	  6.6308	 -1.0095	  0.2771	  1.0000
  5.7501	  6.6308	 -0.2275	  0.5944	  1.0000
  6.1127	  6.6308	  0.2672	 -0.5467	  0.0000
  6.4753	  6.6308	  9.8246	-10.2551	  0.0000
  6.8380	  6.6308	  8.7462	  7.6732	  0.0000
  7.2006	  6.6308	  1.0761	  0.2708	  1.0000
  7.5632	  6.6308	  0.3657	 -0.0331	  0.0000
  7.9258	  6.6308	 -0.0582	 -0.1020	  1.0000
  8.2884	  6.6308	  0.1293	  0.0011	  0.0000
  8.6511	  6.6308	 -9.4814	 -7.5969	  0.0000
  9.0137	  6.6308	 -1.0392	 -0.1905	  1.0000
  0.3108	  6.2681	  0.7249	 -0.2787	  0.0000
  0.6734	  6.2681	 -0.4833	  2.1173	  1.0000
  1.0361	  6.2681	 -0.8114	  0.2138	  0.0000
  1.3987	  6.2681	 -0.3556	  2.3249	  1.0000
  1.7613	  6.2681	  0.0636	  2.3359	  1.0000
  2.1239	  6.2681	  0.1727	  2.4411	  1.0000
  2.4865	  6.2681	  0.0015	  2.0928	  1.0000
  2.8492	  6.2681	  7.6847	 -1.7220	  0.0000
  3.2118	  6.2681	 -0.3842	  1.8584	  1.0000
  3.5744	  6.2681	 -0.7030	  1.6912	  1.0000
  3.9370	  6.2681	 -1.1003	  1.3177	  1.0000
  4.2996	  6.2681	 -1.4547	  1.2131	  1.0000
  4.6622	  6.2681	 -7.4451	  4.0200	  0.0000
  5.0249	  6.2681	 -1.6233	  0.8498	  0.0000
  5.3875	  6.2681	 -1.0103	  0.7215	  1.0000
  5.7501	  6.2681	-12.8695	  0.7637	  0.0000
  6.1127	  6.2681	 -0.0915	  1.0222	  1.0000
  6.4753	  6.2681	 10.0098	  5.2437	  0.0000
  6.8380	  6.2681	  1.2485	 -0.9247	  0.0000
  7.2006	  6.2681	  0.5048	  0.6210	  1.0000
  7.5632	  6.2681	  0.5435	 -0.5333	  0.0000
  7.9258	  6.2681	 -0.6263	 -0.0694	  1.0000
  8.2884	  6.2681	  0.0292	  0.1055	  0.0000
  8.6511	  6.2681	 -1.1513	 -0.6040	  1.0000
  9.0137	  6.2681	 -0.7949	 -0.5537	  0.0000
  0.3108	  5.9055	 -0.5484	  2.0912	  1.0000
  0.6734	  5.9055	  1.1627	 -7.8235	  0.0000
  1.0361	  5.9055	-10.8089	 12.9089	  0.0000
  1.3987	  5.9055	 -0.3372	  2.2046	  1.0000
  1.7613	  5.9055	 -0.9502	 -0.5107	  0.0000
  2.1239	  5.9055	 -3.0834	  0.0732	  0.0000
  2.4865	  5.9055	  7.6934	  7.7639	  0.0000
  2.8492	  5.9055	 -0.0554	  1.6727	  1.0000
  3.2118	  5.9055	 -0.6698	  1.1936	  1.0000
  3.5744	  5.9055	 -0.9217	 -1.0877	  0.0000
  3.9370	  5.9055	 -0.9415	 -0.8895	  0.0000
  4.2996	  5.9055	 -8.3565	 -6.0240	  0.0000
  4.6622	  5.9055	 -1.8051	  0.3129	  1.0000
  5.0249	  5.9055	 -1.8109	  0.3043	  1.0000
  5.3875	  5.9055	 -1.0898	  0.2340	  1.0000
  5.7501	  5.9055	 -0.1871	  0.6642	  1.0000
  6.1127	  5.9055	 -0.1103	  0.8845	  1.0000
  6.4753	  5.9055	  6.1716	 -5.9243	  0.0000
  6.8380	  5.9055	  0.2940	  0.5801	  1.0000
  7.2006	  5.9055	  0.4022	 -0.5913	  0.0000
  7.5632	  5.9055	  0.3670	 -0.1236	  1.0000
  7.9258	  5.9055	 -0.5821	 -0.1445	  1.0000
  8.2884	  5.9055	 -1.0274	 -0.3982	  1.0000
  8.6511	  5.9055	 -1.0997	 -0.6176	  1.0000
  9.0137	  5.9055	 -0.9825	 -0.3876	  1.0000
  0.3108	  5.5429	 -0.1423	  1.8208	  1.0000
  0.6734	  5.5429	  0.0912	 -0.0070	  0.0000
  1.0361	  5.5429	  0.0480	  2.0508	  1.0000
  1.3987	  5.5429	 -2.0857	  2.0839	  0.0000
  1.7613	  5.5429	 -0.0503	  2.0824	  1.0000
  2.1239	  5.5429	  0.0560	  2.3757	  1.0000
  2.4865	  5.5429	 -0.1548	  2.0457	  1.0000
  2.8492	  5.5429	  0.0463	  1.8117	  1.0000
  3.2118	  5.5429	 12.5177	 11.1166	  0.0000
  3.5744	  5.5429	 -5.2561	  7.4467	  0.0000
  3.9370	  5.5429	 -1.3220	 -0.1641	  0.0000
  4.2996	  5.5429	 -1.6372	  0.3455	  0.0000
  4.6622	  5.5429	 -1.7632	  0.2671	  1.0000
  5.0249	  5.5429	 -2.1209	  0.6616	  0.0000
  5.3875	  5.5429	 -1.1645	  1.1273	  0.0000
  5.7501	  5.5429	 -0.3169	  0.7081	  1.0000
  6.1127	  5.5429	-10.9797	  7.9243	  0.0000
  6.4753	  5.5429	  0.6030	  2.1089	  0.0000
  6.8380	  5.5429	  1.7574	  1.0814	  0.0000
  7.2006	  5.5429	 -5.8588	 -8.2250	  0.0000
  7.5632	  5.5429	  1.1615	 -0.9075	  0.0000
  7.9258	  5.5429	 -1.2990	 -0.8237	  1.0000
  8.2884	  5.5429	 -1.8039	 -1.2004	  1.0000
  8.6511	  5.5429	 -1.8770	 -1.5467	  1.0000
  9.0137	  5.5429	 -1.8063	 -1.5113	  1.0000
  0.3108	  5.1803	 -0.3860	  0.9249	  1.0000
  0.6734	  5.1803	  5.4002	 13.3110	  0.0000
  1.0361	  5.1803	 -0.1442	  1.3564	  1.0000
  1.3987	  5.1803	 -0.7520	  0.2910	  0.0000
  1.7613	  5.1803	 -0.0723	  1.4031	  1.0000
  2.1239	  5.1803	  0.0343	  1.7039	  1.0000
  2.4865	  5.1803	  0.0438	  1.5183	  1.0000
  2.8492	  5.1803	  0.2443	  1.4779	  1.0000
  3.2118	  5.1803	 -0.2828	  0.9389	  1.0000
  3.5744	  5.1803	 -1.5178	  0.0873	  0.0000
  3.9370	  5.1803	  0.2421	  7.8607	  0.0000
  4.2996	  5.1803	 -1.7961	  0.4719	  0.0000
  4.6622	  5.1803	 -1.7184	  0.5536	  1.0000
  5.0249	  5.1803	 -6.0711	  4.2045	  0.0000
  5.3875	  5.1803	 -1.4913	  0.9104	  1.0000
  5.7501	  5.1803	 -1.1761	  0.9999	  0.0000
  6.1127	  5.1803	 -1.1113	  1.0214	  1.0000
  6.4753	  5.1803	  6.9638	 12.3664	  0.0000
  6.8380	  5.1803	  1.5273	  0.7634	  0.0000
  7.2006	  5.1803	 -6.2857	 12.7227	  0.0000
  7.5632	  5.1803	-15.0612	 -7.9862	  0.0000
  7.9258	  5.1803	  0.2962	 -0.6265	  0.0000
  8.2884	  5.1803	 -2.0471	 -1.4532	  1.0000
  8.6511	  5.1803	 -1.7280	 -1.7393	  1.0000
  9.0137	  5.1803	 -0.0142	 -0.0321	  0.0000
  0.3108	  4.8177	 -0.2581	  0.4410	  1.0000
  0.6734	  4.8177	 -0.1780	  0.8250	  1.0000
  1.0361	  4.8177	 -0.0269	  0.9217	  1.0000
  1.3987	  4.8177	  0.0473	  1.0678	  1.0000
  1.7613	  4.8177	  1.1576	  2.0148	  0.0000
  2.1239	  4.8177	  0.3832	  1.8928	  1.0000
  2.4865	  4.8177	 -1.8678	  0.1869	  0.0000
  2.8492	  4.8177	-12.5694	 -5.9160	  0.0000
  3.2118	  4.8177	  0.0941	  1.1764	  1.0000
  3.5744	  4.8177	 -0.1496	  0.8343	  1.0000
  3.9370	  4.8177	 10.1134	 -9.2242	  0.0000
  4.2996	  4.8177	-12.9381	 -9.5144	  0.0000
  4.6622	  4.8177	  5.2666	-10.3961	  0.0000
  5.0249	  4.8177	 -3.5305	  2.4516	  0.0000
  5.3875	  4.8177	 -2.2762	  0.7300	  0.0000
  5.7501	  4.8177	 -1.6019	  0.3060	  0.0000
  6.1127	  4.8177	 -1.6435	  1.2077	  1.0000
  6.4753	  4.8177	  5.9943	 -3.9522	  0.0000
  6.8380	  4.8177	  0.6021	  0.1680	  0.0000
  7.2006	  4.8177	  1.1321	 -0.8367	  0.0000
  7.5632	  4.8177	 -1.6819	 -1.2044	  1.0000
  7.9258	  4.8177	 -1.9946	 -1.4595	  1.0000
  8.2884	  4.8177	  0.0266	 -0.1619	  0.0000
  8.6511	  4.8177	 -0.0329	 -0.2647	  0.0000
  9.0137	  4.8177	  0.1932	 -0.1604	  0.0000
  0.3108	  4.4550	  0.2138	 -0.2225	  1.0000
  0.6734	  4.4550	  0.5154	 -7.7283	  0.0000
  1.0361	  4.4550	  0.5165	  0.5051	  1.0000
  1.3987	  4.4550	  0.4172	  0.5787	  1.0000
  1.7613	  4.4550	  0.8734	 11.2822	  0.0000
  2.1239	  4.4550	  5.7742	 -1.1143	  0.0000
  2.4865	  4.4550	 -1.4675	  0.4407	  0.0000
  2.8492	  4.4550	  0.8409	  1.6334	  1.0000
  3.2118	  4.4550	  0.3846	  1.0981	  1.0000
  3.5744	  4.4550	 -2.0477	  0.2173	  0.0000
  3.9370	  4.4550	 -0.1272	  0.8369	  1.0000
  4.2996	  4.4550	 -2.0357	  1.0328	  0.0000
  4.6622	  4.4550	 -0.9958	  0.6356	  1.0000
  5.0249	  4.4550	 -1.2664	  0.7403	  1.0000
  5.3875	  4.4550	  5.9479	 -3.4998	  0.0000
  5.7501	  4.4550	 -0.8237	  0.9249	  1.0000
  6.1127	  4.4550	 -1.8514	  0.4050	  0.0000
  6.4753	  4.4550	 -1.9598	  0.6752	  1.0000
  6.8380	  4.4550	 -1.9474	  0.2213	  1.0000
  7.2006	  4.4550	 -2.0380	 -0.7169	  1.0000
  7.5632	  4.4550	 -1.7245	 -1.3096	  1.0000
  7.9258	  4.4550	 -2.1400	 -1.6062	  1.0000
  8.2884	  4.4550	-14.5421	-13.2457	  0.0000
  8.6511	  4.4550	 -1.5237	 -2.3531	  1.0000
  9.0137	  4.4550	 -1.2764	 -2.3436	  1.0000
  0.3108	  4.0924	 -0.3112	 -1.0355	  1.0000
  0.6734	  4.0924	 -0.0946	 -0.3786	  1.0000
  1.0361	  4.0924	  0.2426	 -0.0788	  1.0000
  1.3987	  4.0924	  0.0490	 -7.8933	  0.0000
  1.7613	  4.0924	  0.3649	  0.7656	  1.0000
  2.1239	  4.0924	  0.6005	  1.0394	  1.0000
  2.4865	  4.0924	 -2.0037	  0.0348	  0.0000
  2.8492	  4.0924	  0.9169	  1.5345	  1.0000
  3.2118	  4.0924	  0.4174	  1.0412	  1.0000
  3.5744	  4.0924	  0.2548	  0.6305	  1.0000
  3.9370	  4.0924	 -0.2214	  0.7475	  1.0000
  4.2996	  4.0924	  3.0091	  4.9649	  0.0000
  4.6622	  4.0924	 -2.1891	  1.4893	  0.0000
  5.0249	  4.0924	 -2.4572	  0.9752	  0.0000
  5.3875	  4.0924	 -1.2113	  0.8069	  1.0000
  5.7501	  4.0924	 -5.7325	 12.7357	  0.0000
  6.1127	  4.0924	 -1.9509	  1.4120	  1.0000
  6.4753	  4.0924	 -1.9481	  0.6788	  1.0000
  6.8380	  4.0924	  3.3258	 -7.6743	  0.0000
  7.2006	  4.0924	-13.7050	 -3.4884	  0.0000
  7.5632	  4.0924	  1.0206	 -1.5554	  0.0000
  7.9258	  4.0924	 -0.9114	 -7.1120	  0.0000
  8.2884	  4.0924	 -2.4353	 -1.8004	  1.0000
  8.6511	  4.0924	 -1.5571	 -2.6846	  1.0000
  9.0137	  4.0924	  0.2730	 -0.5493	  0.0000
  0.3108	  3.7298	 -0.1395	 -1.6636	  1.0000
  0.6734	  3.7298	  0.0433	 -0.8486	  1.0000
  1.0361	  3.7298	  0.3798	 -0.4476	  1.0000
  1.3987	  3.7298	  0.6738	 -0.1543	  1.0000
  1.7613	  3.7298	  0.7651	  0.4482	  1.0000
  2.1239	  3.7298	  1.2424	  1.2821	  1.0000
  2.4865	  3.7298	  1.1647	  1.4540	  1.0000
  2.8492	  3.7298	 10.9429	 14.5005	  0.0000
  3.2118	  3.7298	  7.3591	  5.6981	  0.0000
  3.5744	  3.7298	 -2.1507	  0.3945	  0.0000
  3.9370	  3.7298	  6.6061	 -1.5693	  0.0000
  4.2996	  3.7298	 -2.2869	  0.8212	  0.0000
  4.6622	  3.7298	 -2.0924	  0.9605	  0.0000
  5.0249	  3.7298	 -1.9731	  6.9083	  0.0000
  5.3875	  3.7298	 -6.0454	  7.5495	  0.0000
  5.7501	  3.7298	 -2.5341	  1.1615	  0.0000
  6.1127	  3.7298	 -1.9283	  0.5949	  1.0000
  6.4753	  3.7298	 -2.6827	  0.3538	  0.0000
  6.8380	  3.7298	 -1.6813	 -0.4209	  1.0000
  7.2006	  3.7298	-12.8212	  2.6740	  0.0000
  7.5632	  3.7298	  0.7137	 -0.8611	  0.0000
  7.9258	  3.7298	 -1.7717	 -1.9736	  1.0000
  8.2884	  3.7298	 -1.9479	 -2.1243	  1.0000
  8.6511	  3.7298	 -1.0498	 -2.4925	  1.0000
  9.0137	  3.7298	  0.1241	 -0.1631	  0.0000
  0.3108	  3.3672	 -0.3432	 -2.0903	  1.0000
  0.6734	  3.3672	 -0.1759	 -1.2355	  1.0000
  1.0361	  3.3672	  0.1170	  0.0400	  0.0000
  1.3987	  3.3672	  0.7755	 -0.7295	  1.0000
  1.7613	  3.3672	  1.1791	  0.1382	  1.0000
  2.1239	  3.3672	  1.6968	  1.0991	  1.0000
  2.4865	  3.3672	  1.6524	  1.3866	  1.0000
  2.8492	  3.3672	 -2.1933	 -0.5919	  0.0000
  3.2118	  3.3672	  1.2661	  1.8081	  1.0000
  3.5744	  3.3672	  0.7406	  1.4910	  1.0000
  3.9370	  3.3672	 -0.1550	  1.8263	  1.0000
  4.2996	  3.3672	 -0.4177	 -7.8829	  0.0000
  4.6622	  3.3672	 10.1781	 -4.7544	  0.0000
  5.0249	  3.3672	 -2.9578	  1.1528	  0.0000
  5.3875	  3.3672	 -2.9178	  1.3090	  0.0000
  5.7501	  3.3672	 -1.3683	  0.7039	  1.0000
  6.1127	  3.3672	 -2.7106	  1.5396	  0.0000
  6.4753	  3.3672	 10.4974	 -7.8478	  0.0000
  6.8380	  3.3672	 -1.8490	 -0.2089	  1.0000
  7.2006	  3.3672	-13.4294	  7.7620	  0.0000
  7.5632	  3.3672	 -1.6955	 -1.5755	  1.0000
  7.9258	  3.3672	  0.5184	  0.6358	  0.0000
  8.2884	  3.3672	  8.9424	 -8.1444	  0.0000
  8.6511	  3.3672	  0.5154	 -0.4891	  0.0000
  9.0137	  3.3672	 -1.0411	 -2.8017	  1.0000
  0.3108	  3.0046	 -0.6512	 -1.5797	  1.0000
  0.6734	  3.0046	 -6.2668	 -3.2465	  0.0000
  1.0361	  3.0046	 -0.1367	 -0.6969	  1.0000
  1.3987	  3.0046	 -8.3779	-10.3178	  0.0000
  1.7613	  3.0046	  0.6977	  0.7218	  1.0000
  2.1239	  3.0046	  1.3319	  1.3872	  1.0000
  2.4865	  3.0046	  4.0884	  7.3409	  0.0000
  2.8492	  3.0046	  1.0121	  2.4748	  1.0000
  3.2118	  3.0046	  0.5925	  2.5494	  1.0000
  3.5744	  3.0046	  0.1421	  2.2228	  1.0000
  3.9370	  3.0046	 -0.7194	  2.3749	  1.0000
  4.2996	  3.0046	 -2.6109	  1.6768	  0.0000
  4.6622	  3.0046	 -2.2599	  1.4390	  0.0000
  5.0249	  3.0046	 -1.7014	  1.7326	  1.0000
  5.3875	  3.0046	 -2.6080	  1.7460	  0.0000
  5.7501	  3.0046	 -3.1180	  1.5047	  0.0000
  6.1127	  3.0046	 -1.7082	  1.5793	  0.0000
  6.4753	  3.0046	 -2.0744	  0.8509	  1.0000
  6.8380	  3.0046	 -1.6422	  0.0803	  1.0000
  7.2006	  3.0046	 -0.6824	  0.2986	  0.0000
  7.5632	  3.0046	 -1.2509	 -1.2615	  1.0000
  7.9258	  3.0046	  0.3291	 -0.3493	  0.0000
  8.2884	  3.0046	 -1.3201	 -1.7574	  1.0000
  8.6511	  3.0046	 -0.2585	 -2.1257	  1.0000
  9.0137	  3.0046	 -7.5893	-12.1202	  0.0000
  0.3108	  2.6419	 -1.0324	 -1.3801	  1.0000
  0.6734	  2.6419	 -0.7325	 -1.0242	  1.0000
  1.0361	  2.6419	  0.3666	 -0.6771	  0.0000
  1.3987	  2.6419	 13.6393	 -0.1261	  0.0000
  1.7613	  2.6419	  0.3530	  0.9193	  1.0000
  2.1239	  2.6419	  0.9724	  1.6491	  1.0000
  2.4865	  2.6419	 13.9039	  0.3100	  0.0000
  2.8492	  2.6419	 -1.4313	  1.0422	  0.0000
  3.2118	  2.6419	  3.2000	 13.6372	  0.0000
  3.5744	  2.6419	 -0.1453	  2.6016	  1.0000
  3.9370	  2.6419	 -1.0430	  2.7252	  1.0000
  4.2996	  2.6419	 -1.2613	  2.3927	  1.0000
  4.6622	  2.6419	-11.9117	 -8.4452	  0.0000
  5.0249	  2.6419	 -1.6523	  1.8485	  1.0000
  5.3875	  2.6419	 -1.7586	  1.7978	  1.0000
  5.7501	  2.6419	 11.8944	  0.9202	  0.0000
  6.1127	  2.6419	 -8.0195	 -5.5099	  0.0000
  6.4753	  2.6419	 -1.9055	  1.2002	  1.0000
  6.8380	  2.6419	 -1.5226	  0.4402	  1.0000
  7.2006	  2.6419	 -3.5725	 -7.5999	  0.0000
  7.5632	  2.6419	 -1.1806	 -0.5567	  1.0000
  7.9258	  2.6419	 -1.1060	 -1.0315	  1.0000
  8.2884	  2.6419	 -0.9862	 -1.1137	  1.0000
  8.6511	  2.6419	 -0.1972	 -1.4839	  1.0000
  9.0137	  2.6419	  0.3098	 -0.3489	  0.0000
  0.3108	  2.2793	 -1.2477	 -1.5904	  1.0000
  0.6734	  2.2793	 -0.9655	 -1.1960	  1.0000
  1.0361	  2.2793	 -0.5639	 -0.7537	  1.0000
  1.3987	  2.2793	  0.0989	 -0.3658	  1.0000
  1.7613	  2.2793	 -0.0199	  0.3868	  1.0000
  2.1239	  2.2793	  0.7832	  1.2460	  1.0000
  2.4865	  2.2793	 10.7249	-12.9505	  0.0000
  2.8492	  2.2793	  0.5204	  2.7613	  1.0000
  3.2118	  2.2793	  0.0814	  2.9910	  1.0000
  3.5744	  2.2793	 -0.5557	  3.0328	  1.0000
  3.9370	  2.2793	 -1.4584	  3.1179	  1.0000
  4.2996	  2.2793	 -1.1512	  3.2128	  1.0000
  4.6622	  2.2793	 -1.6484	  2.7257	  1.0000
  5.0249	  2.2793	 -2.0848	  1.7379	  0.0000
  5.3875	  2.2793	 -1.6803	  2.5666	  1.0000
  5.7501	  2.2793	 -1.2523	  1.1825	  0.0000
  6.1127	  2.2793	 -1.5524	  2.1272	  1.0000
  6.4753	  2.2793	 -1.4640	  1.7211	  1.0000
  6.8380	  2.2793	 -1.3807	  0.9288	  1.0000
  7.2006	  2.2793	 -1.1996	  0.3766	  1.0000
  7.5632	  2.2793	 -1.0347	  0.0096	  1.0000
  7.9258	  2.2793	 -1.0134	 -0.5001	  1.0000
  8.2884	  2.2793	 -0.8885	 -0.5788	  1.0000
  8.6511	  2.2793	 -0.4127	 -0.8330	  1.0000
  9.0137	  2.2793	  0.4716	 -0.1554	  0.0000
  0.3108	  1.9167	 -1.0772	 -1.3314	  1.0000
  0.6734	  1.9167	 -7.5583	  7.8653	  0.0000
  1.0361	  1.9167	  1.6827	  3.6947	  0.0000
  1.3987	  1.9167	  0.1332	 -0.2289	  1.0000
  1.7613	  1.9167	 -0.0575	  0.2001	  1.0000
  2.1239	  1.9167	  0.6630	  1.0654	  1.0000
  2.4865	  1.9167	 -3.8877	 10.9424	  0.0000
  2.8492	  1.9167	 -7.6953	 13.7979	  0.0000
  3.2118	  1.9167	 -2.2362	  1.9264	  0.0000
  3.5744	  1.9167	 -3.4572	  7.7256	  0.0000
  3.9370	  1.9167	 -1.8722	  3.6828	  1.0000
  4.2996	  1.9167	-13.0384	  2.0095	  0.0000
  4.6622	  1.9167	 -1.9151	  2.1030	  0.0000
  5.0249	  1.9167	 -2.0650	  2.2279	  0.0000
  5.3875	  1.9167	 -1.8841	  2.6384	  0.0000
  5.7501	  1.9167	 -1.9925	  3.2206	  1.0000
  6.1127	  1.9167	  2.9086	 13.0796	  0.0000
  6.4753	  1.9167	 -6.5487	 10.7541	  0.0000
  6.8380	  1.9167	 -1.1771	 -7.7373	  0.0000
  7.2006	  1.9167	 -1.2814	  1.1455	  1.0000
  7.5632	  1.9167	 -1.1698	  0.7513	  1.0000
  7.9258	  1.9167	  7.6773	 -7.9604	  0.0000
  8.2884	  1.9167	 -0.7942	  0.0532	  1.0000
  8.6511	  1.9167	 -0.6498	  0.0800	  1.0000
  9.0137	  1.9167	  0.4775	 -0.4401	  0.0000
  0.3108	  1.5541	 -0.4812	 -0.9280	  1.0000
  0.6734	  1.5541	 -0.5471	 -0.7463	  1.0000
  1.0361	  1.5541	-15.1440	 -3.4453	  0.0000
  1.3987	  1.5541	  0.3693	 -0.2971	  1.0000
  1.7613	  1.5541	  0.1621	  0.0379	  1.0000
  2.1239	  1.5541	  0.7536	  0.8182	  1.0000
  2.4865	  1.5541	 -0.3544	  4.4846	  0.0000
  2.8492	  1.5541	 -7.6080	  3.9107	  0.0000
  3.2118	  1.5541	 -0.2223	  3.0945	  1.0000
  3.5744	  1.5541	 -1.1872	  3.6479	  1.0000
  3.9370	  1.5541	 -2.5777	  1.8271	  0.0000
  4.2996	  1.5541	  0.0242	  6.3722	  0.0000
  4.6622	  1.5541	 -2.2368	  4.3963	  1.0000
  5.0249	  1.5541	 -2.2297	  4.3630	  1.0000
  5.3875	  1.5541	  1.3432	  7.7056	  0.0000
  5.7501	  1.5541	 -1.0074	  1.5338	  0.0000
  6.1127	  1.5541	 -1.4822	  3.3812	  1.0000
  6.4753	  1.5541	 -3.7695	  2.7498	  0.0000
  6.8380	  1.5541	 -3.5128	  3.5678	  0.0000
  7.2006	  1.5541	 -1.4078	  1.5325	  1.0000
  7.5632	  1.5541	 -1.3692	  1.1739	  1.0000
  7.9258	  1.5541	 -1.0491	  0.8065	  1.0000
  8.2884	  1.5541	 -0.9449	  0.7719	  1.0000
  8.6511	  1.5541	 -0.7898	  0.8790	  1.0000
  9.0137	  1.5541	  2.3490	  4.8761	  0.0000
  0.3108	  1.1915	 -0.9206	 -0.9845	  1.0000
  0.6734	  1.1915	 -0.9163	 -0.8599	  1.0000
  1.0361	  1.1915	 -0.5992	-12.5880	  0.0000
  1.3987	  1.1915	 -0.1201	 -0.4130	  1.0000
  1.7613	  1.1915	 -0.3919	 -0.0654	  1.0000
  2.1239	  1.1915	  0.1578	  0.5017	  1.0000
  2.4865	  1.1915	  0.2876	  1.5952	  1.0000
  2.8492	  1.1915	  1.1677	 -1.4842	  0.0000
  3.2118	  1.1915	 14.5428	 13.2280	  0.0000
  3.5744	  1.1915	 -1.4009	  3.9263	  1.0000
  3.9370	  1.1915	 -1.9984	  4.3619	  1.0000
  4.2996	  1.1915	 -1.7583	  5.1007	  1.0000
  4.6622	  1.1915	-10.7252	 15.0971	  0.0000
  5.0249	  1.1915	 -2.2588	  5.2128	  1.0000
  5.3875	  1.1915	  9.9248	 12.5067	  0.0000
  5.7501	  1.1915	 -8.5626	  7.6967	  0.0000
  6.1127	  1.1915	 -1.5690	  4.1083	  1.0000
  6.4753	  1.1915	 -1.3687	  3.5324	  1.0000
  6.8380	  1.1915	 -1.3071	  2.7437	  1.0000
  7.2006	  1.1915	 -1.2006	  2.1327	  1.0000
  7.5632	  1.1915	 -1.3760	  1.6337	  1.0000
  7.9258	  1.1915	 -1.0620	  1.2535	  1.0000
  8.2884	  1.1915	 -0.9545	  1.2814	  1.0000
  8.6511	  1.1915	 -7.7661	  7.6544	  0.0000
  9.0137	  1.1915	 -0.8290	  1.3943	  1.0000
  0.3108	  0.8288	  8.5964	 -0.6619	  0.0000
  0.6734	  0.8288	  0.0977	 -0.0807	  0.0000
  1.0361	  0.8288	 -0.2800	 -0.7263	  1.0000
  1.3987	  0.8288	 -0.2412	  0.0132	  1.0000
  1.7613	  0.8288	 -0.6684	  0.2465	  1.0000
  2.1239	  0.8288	  7.6301	 -3.2893	  0.0000
  2.4865	  0.8288	  0.0259	  1.9320	  1.0000
  2.8492	  0.8288	  2.8721	-12.8325	  0.0000
  3.2118	  0.8288	 -0.9373	  3.4395	  1.0000
  3.5744	  0.8288	 -1.8498	  4.5089	  1.0000
  3.9370	  0.8288	 -2.2008	  4.6121	  1.0000
  4.2996	  0.8288	 -1.8352	  5.5559	  1.0000
  4.6622	  0.8288	 -2.6355	  5.5765	  1.0000
  5.0249	  0.8288	 -2.3771	  5.7800	  1.0000
  5.3875	  0.8288	 -2.3983	  6.0140	  1.0000
  5.7501	  0.8288	 -1.9780	  5.3577	  1.0000
  6.1127	  0.8288	 -1.5981	  4.6287	  1.0000
  6.4753	  0.8288	 -1.3929	  4.0009	  1.0000
  6.8380	  0.8288	 -1.3368	  3.1580	  1.0000
  7.2006	  0.8288	 -1.2215	  2.4920	  1.0000
  7.5632	  0.8288	  0.0013	 -0.3883	  0.0000
  7.9258	  0.8288	 -0.1075	 14.0615	  0.0000
  8.2884	  0.8288	  0.0883	 -0.5424	  0.0000
  8.6511	  0.8288	 -0.9700	  1.6598	  1.0000
  9.0137	  0.8288	 -0.9554	  1.8802	  1.0000
  0.3108	  0.4662	  0.1361	 -0.0422	  0.0000
  0.6734	  0.4662	  0.1355	 -0.0524	  0.0000
  1.0361	  0.4662	 -0.1464	 -1.2934	  1.0000
  1.3987	  0.4662	  0.0119	 -0.7047	  1.0000
  1.7613	  0.4662	 -0.2958	 -0.9758	  1.0000
  2.1239	  0.4662	  0.2506	 -0.1142	  1.0000
  2.4865	  0.4662	  0.5656	  1.1992	  1.0000
  2.8492	  0.4662	  0.1790	  1.8156	  1.0000
  3.2118	  0.4662	 -0.0426	  2.8438	  1.0000
  3.5744	  0.4662	 -1.0675	  4.1351	  1.0000
  3.9370	  0.4662	 -1.5714	  4.5753	  1.0000
  4.2996	  0.4662	 -7.6076	  7.7562	  0.0000
  4.6622	  0.4662	 -2.3242	  6.1344	  1.0000
  5.0249	  0.4662	 -2.2285	  6.1975	  1.0000
  5.3875	  0.4662	 -2.1148	  6.2318	  1.0000
  5.7501	  0.4662	 -2.0130	  5.7596	  1.0000
  6.1127	  0.4662	 -1.5604	  4.8826	  1.0000
  6.4753	  0.4662	 -1.3209	  4.1343	  1.0000
  6.8380	  0.4662	 -1.5923	  3.4592	  1.0000
  7.2006	  0.4662	 -1.5041	  2.7487	  1.0000
  7.5632	  0.4662	  0.6805	 -0.0051	  0.0000
  7.9258	  0.4662	 -0.0247	  0.2304	  0.0000
  8.2884	  0.4662	-10.2662	  0.4577	  0.0000
  8.6511	  0.4662	 -1.4930	  2.4265	  1.0000
  9.0137	  0.4662	 -1.6440	  2.8654	  1.0000
