# x	y	u	v	mask
  0.3108	  6.9934	 -0.5261	 -0.7234	  1.0000
  0.6734	  6.9934	  7.1378	 -7.5325	  0.0000
  1.0361	  6.9934	 -1.5973	 -2.1932	  0.0000
  1.3987	  6.9934	  0.3495	 -0.8214	  1.0000
  1.7613	  6.9934	  0.8255	 -0.6687	  1.0000
  2.1239	  6.9934	  1.1735	 -1.5628	  1.0000
  2.4865	  6.9934	  0.8576	 -1.9114	  1.0000
  2.8492	  6.9934	 12.1168	  6.9562	  0.0000
  3.2118	  6.9934	 -0.9411	 -2.7425	  1.0000
  3.5744	  6.9934	 -1.0618	  0.0961	  0.0000
  3.9370	  6.9934	 -0.5647	 -0.5578	  0.0000
  4.2996	  6.9934	  0.8153	 -0.4320	  0.0000
  4.6622	  6.9934	 -2.8158	 -1.8108	  1.0000
  5.0249	  6.9934	 -2.4219	 -1.5971	  1.0000
  5.3875	  6.9934	 -1.3408	 -0.9135	  1.0000
  5.7501	  6.9934	 -0.7753	 -0.0181	  1.0000
  6.1127	  6.9934	  0.4067	  0.5982	  1.0000
  6.4753	  6.9934	  0.7643	 -0.2181	  0.0000
  6.8380	  6.9934	  0.2156	 -0.1558	  0.0000
  7.2006	  6.9934	  1.2341	 -0.4623	  1.0000
  7.5632	  6.9934	 -0.2044	 -7.9341	  0.0000
  7.9258	  6.9934	 -7.7915	 -7.7511	  0.0000
  8.2884	  6.9934	  7.4440	 -7.5600	  0.0000
  8.6511	  6.9934	 -0.0060	 -3.0741	  1.0000
  9.0137	  6.9934	 -0.1519	 -3.3639	  1.0000
  0.3108	  6.6308	 -0.5740	 -0.5036	  1.0000
  0.6734	  6.6308	-11.5102	 11.4598	  0.0000
  1.0361	  6.6308	 -3.2796	  1.9793	  0.0000
  1.3987	  6.6308	  0.4159	 -0.6085	  1.0000
  1.7613	  6.6308	  0.8048	 -0.5000	  1.0000
  2.1239	  6.6308	  1.2486	 -1.0570	  1.0000
  2.4865	  6.6308	  0.9746	 -1.4349	  1.0000
  2.8492	  6.6308	  0.5256	 -0.0304	  0.0000
  3.2118	  6.6308	 -5.3874	 -2.9507	  0.0000
  3.5744	  6.6308	 -2.3153	 -0.1342	  0.0000
  3.9370	  6.6308	 -2.4806	 -2.2414	  1.0000
  4.2996	  6.6308	 -7.7016	 -7.6511	  0.0000
  4.6622	  6.6308	  2.5347	  8.4713	  0.0000
  5.0249	  6.6308	 -3.8871	  7.7357	  0.0000
  5.3875	  6.6308	  2.8846	 -7.7770	  0.0000
  5.7501	  6.6308	  7.6686	  6.7637	  0.0000
  6.1127	  6.6308	  0.2064	  0.4234	  1.0000
  6.4753	  6.6308	  0.9947	  0.2100	  0.0000
  6.8380	  6.6308	  0.2645	 -0.0657	  0.0000
  7.2006	  6.6308	  0.2677	  0.0405	  0.0000
  7.5632	  6.6308	  0.8811	 -0.5499	  1.0000
  7.9258	  6.6308	  0.5113	 -1.0763	  1.0000
  8.2884	  6.6308	  7.3059	 -3.7344	  0.0000
  8.6511	  6.6308	  0.4666	  0.0985	  0.0000
  9.0137	  6.6308	 -0.6002	 -2.6528	  1.0000
  0.3108	  6.2681	 -0.3868	 -0.6511	  1.0000
  0.6734	  6.2681	  0.2191	 -0.0610	  0.0000
  1.0361	  6.2681	  0.0671	 -0.6531	  1.0000
  1.3987	  6.2681	  0.0276	 -0.8901	  1.0000
  1.7613	  6.2681	  0.3414	 -0.7837	  1.0000
  2.1239	  6.2681	  1.0085	 -1.2887	  1.0000
  2.4865	  6.2681	  0.7300	 -1.6393	  1.0000
  2.8492	  6.2681	 -0.2983	 -1.9323	  1.0000
  3.2118	  6.2681	 12.6398	-11.0182	  0.0000
  3.5744	  6.2681	 -1.5285	 -2.4206	  1.0000
  3.9370	  6.2681	-14.5344	 -2.7816	  0.0000
  4.2996	  6.2681	 -2.4440	 -2.3973	  1.0000
  4.6622	  6.2681	 -7.7013	 -5.7256	  0.0000
  5.0249	  6.2681	 -2.8421	 -1.5466	  1.0000
  5.3875	  6.2681	 -0.4737	 -1.5092	  0.0000
  5.7501	  6.2681	 -1.0967	 -0.4469	  1.0000
  6.1127	  6.2681	 -7.6705	 -7.6938	  0.0000
  6.4753	  6.2681	  0.5205	 -0.0950	  1.0000
  6.8380	  6.2681	 -0.3608	  7.5784	  0.0000
  7.2006	  6.2681	 11.3875	  8.4853	  0.0000
  7.5632	  6.2681	  0.8954	  0.3806	  0.0000
  7.9258	  6.2681	  0.4006	 -1.3698	  1.0000
  8.2884	  6.2681	  0.0545	 -1.5151	  1.0000
  8.6511	  6.2681	 -7.2270	 -6.5591	  0.0000
  9.0137	  6.2681	 -0.9981	 -2.5013	  1.0000
  0.3108	  5.9055	 -0.6548	  0.0161	  1.0000
  0.6734	  5.9055	 -0.4736	 -0.0260	  1.0000
  1.0361	  5.9055	 -0.1211	 -0.1973	  1.0000
  1.3987	  5.9055	  7.7545	-10.6276	  0.0000
  1.7613	  5.9055	  0.2828	 -0.2074	  1.0000
  2.1239	  5.9055	  0.8153	 -0.6584	  1.0000
  2.4865	  5.9055	  0.5231	 -1.0202	  1.0000
  2.8492	  5.9055	 -0.1871	 -1.8651	  1.0000
  3.2118	  5.9055	 -0.6445	 -2.2616	  1.0000
  3.5744	  5.9055	-10.6622	 -7.5821	  0.0000
  3.9370	  5.9055	 -8.5319	-13.8550	  0.0000
  4.2996	  5.9055	 -5.1656	 -6.8579	  0.0000
  4.6622	  5.9055	 -3.0786	 -2.0127	  1.0000
  5.0249	  5.9055	 -2.6707	 -0.4171	  0.0000
  5.3875	  5.9055	 -1.9052	 -0.7877	  1.0000
  5.7501	  5.9055	 -0.9813	 -0.2788	  1.0000
  6.1127	  5.9055	 -0.0316	  0.1776	  1.0000
  6.4753	  5.9055	  0.5413	  0.0013	  1.0000
  6.8380	  5.9055	  0.7259	  0.0384	  1.0000
  7.2006	  5.9055	  7.8696	  7.8542	  0.0000
  7.5632	  5.9055	  0.7131	  0.2147	  0.0000
  7.9258	  5.9055	  0.4912	 -1.1344	  1.0000
  8.2884	  5.9055	 -0.0131	 -1.4222	  1.0000
  8.6511	  5.9055	 -0.6559	 -2.0459	  1.0000
  9.0137	  5.9055	 -1.0057	 -2.2402	  1.0000
  0.3108	  5.5429	 -0.4176	 -0.0203	  1.0000
  0.6734	  5.5429	 -0.0999	  0.1672	  1.0000
  1.0361	  5.5429	  0.1366	  0.0449	  1.0000
  1.3987	  5.5429	  0.2556	 -0.4511	  1.0000
  1.7613	  5.5429	 -1.5714	 -0.1385	  0.0000
  2.1239	  5.5429	  0.9108	 -0.6562	  1.0000
  2.4865	  5.5429	  7.8808	  0.9445	  0.0000
  2.8492	  5.5429	 -1.2307	 -0.0951	  0.0000
  3.2118	  5.5429	  5.2074	  6.6095	  0.0000
  3.5744	  5.5429	 -1.2117	 -2.3229	  1.0000
  3.9370	  5.5429	 -7.7954	 -8.1217	  0.0000
  4.2996	  5.5429	 -2.3050	 -0.9677	  0.0000
  4.6622	  5.5429	 -7.7051	 -7.5662	  0.0000
  5.0249	  5.5429	 -3.0541	 -1.4480	  1.0000
  5.3875	  5.5429	 -3.4308	 -0.5028	  0.0000
  5.7501	  5.5429	 -1.3243	 -0.3830	  1.0000
  6.1127	  5.5429	 -0.4027	  0.0098	  1.0000
  6.4753	  5.5429	  0.1811	 -0.0787	  1.0000
  6.8380	  5.5429	  0.5350	 -0.1574	  1.0000
  7.2006	  5.5429	  0.8360	 -0.4603	  1.0000
  7.5632	  5.5429	  0.6163	 -0.4917	  1.0000
  7.9258	  5.5429	  0.2082	 -0.8622	  1.0000
  8.2884	  5.5429	 -0.3361	 -0.9389	  1.0000
  8.6511	  5.5429	 -7.6146	  3.6594	  0.0000
  9.0137	  5.5429	 -1.4317	 -1.6515	  1.0000
  0.3108	  5.1803	  0.2942	 -0.4764	  1.0000
  0.6734	  5.1803	  0.1076	  0.7098	  0.0000
  1.0361	  5.1803	  0.5148	 -0.2063	  1.0000
  1.3987	  5.1803	  0.5508	 -0.6010	  1.0000
  1.7613	  5.1803	  0.4190	 -0.4100	  1.0000
  2.1239	  5.1803	 -0.9026	 -1.5494	  0.0000
  2.4865	  5.1803	-14.9901	 -7.9325	  0.0000
  2.8492	  5.1803	  0.0466	 -1.4178	  1.0000
  3.2118	  5.1803	 12.5928	 -1.0095	  0.0000
  3.5744	  5.1803	 -1.1665	 -2.1203	  1.0000
  3.9370	  5.1803	 -1.7471	 -1.8367	  1.0000
  4.2996	  5.1803	 -1.7567	 -0.2891	  0.0000
  4.6622	  5.1803	 -1.6809	 -0.5326	  0.0000
  5.0249	  5.1803	 -2.9385	 -0.4927	  0.0000
  5.3875	  5.1803	 -2.8054	 -0.7829	  1.0000
  5.7501	  5.1803	-11.6096	  2.3704	  0.0000
  6.1127	  5.1803	 -1.0928	 -0.0627	  1.0000
  6.4753	  5.1803	 -0.5399	 -0.0248	  1.0000
  6.8380	  5.1803	 12.0458	-10.9399	  0.0000
  7.2006	  5.1803	 -1.9248	 -1.9200	  0.0000
  7.5632	  5.1803	  0.1446	 -0.5798	  1.0000
  7.9258	  5.1803	 -0.1774	 -0.8348	  1.0000
  8.2884	  5.1803	 -0.7465	 -0.8846	  1.0000
  8.6511	  5.1803	 -1.3302	 -1.3271	  1.0000
  9.0137	  5.1803	 -7.8870	 -5.0912	  0.0000
  0.3108	  4.8177	  0.8611	  0.2289	  1.0000
  0.6734	  4.8177	  0.9201	  0.3988	  1.0000
  1.0361	  4.8177	  0.8920	  0.3061	  1.0000
  1.3987	  4.8177	-14.1900	 15.1305	  0.0000
  1.7613	  4.8177	  0.6322	 -0.0178	  1.0000
  2.1239	  4.8177	  0.8507	 -0.1105	  1.0000
  2.4865	  4.8177	  0.6212	 -0.3757	  1.0000
  2.8492	  4.8177	  7.7326	  7.6581	  0.0000
  3.2118	  4.8177	 -0.0255	 -0.2351	  0.0000
  3.5744	  4.8177	 -0.8586	 -1.5882	  1.0000
  3.9370	  4.8177	 -5.8010	-13.9654	  0.0000
  4.2996	  4.8177	 -2.1026	 -1.3880	  1.0000
  4.6622	  4.8177	 -2.6419	 -0.8242	  0.0000
  5.0249	  4.8177	 -2.3487	 -0.6193	  0.0000
  5.3875	  4.8177	 -2.8378	 -0.6325	  0.0000
  5.7501	  4.8177	 -1.8341	 -0.4031	  1.0000
  6.1127	  4.8177	 -1.3257	 -0.1929	  1.0000
  6.4753	  4.8177	 -0.7825	 -0.3175	  1.0000
  6.8380	  4.8177	  9.7537	  7.1323	  0.0000
  7.2006	  4.8177	  0.1636	 -0.8927	  1.0000
  7.5632	  4.8177	 -0.0651	 -0.9284	  1.0000
  7.9258	  4.8177	 -0.2771	 -1.0755	  1.0000
  8.2884	  4.8177	 -0.9390	 -0.9990	  1.0000
  8.6511	  4.8177	  0.4470	  0.2284	  0.0000
  9.0137	  4.8177	 -1.6193	 -1.1389	  1.0000
  0.3108	  4.4550	  7.6331	 -7.7419	  0.0000
  0.6734	  4.4550	  1.1594	 -7.8042	  0.0000
  1.0361	  4.4550	  1.4140	  0.4904	  1.0000
  1.3987	  4.4550	  1.2594	  0.1237	  1.0000
  1.7613	  4.4550	  7.8562	  7.7739	  0.0000
  2.1239	  4.4550	  1.1363	  0.3688	  1.0000
  2.4865	  4.4550	  8.8647	-12.9993	  0.0000
  2.8492	  4.4550	 -2.0695	 -2.4693	  0.0000
  3.2118	  4.4550	  0.3077	 -0.5286	  1.0000
  3.5744	  4.4550	  8.4347	  7.2007	  0.0000
  3.9370	  4.4550	  4.3100	  8.2579	  0.0000
  4.2996	  4.4550	 -1.4398	 -0.3895	  1.0000
  4.6622	  4.4550	 -2.6096	 -0.4779	  1.0000
  5.0249	  4.4550	 -2.9540	 -0.5355	  1.0000
  5.3875	  4.4550	 -9.7499	  4.6250	  0.0000
  5.7501	  4.4550	 -2.2207	 -0.7084	  1.0000
  6.1127	  4.4550	 -1.7665	 -1.1012	  1.0000
  6.4753	  4.4550	 -1.2735	 -1.2487	  1.0000
  6.8380	  4.4550	 -0.0853	 -7.1144	  0.0000
  7.2006	  4.4550	 -0.2814	 -1.3849	  1.0000
  7.5632	  4.4550	 -0.4595	 -1.3568	  1.0000
  7.9258	  4.4550	 -7.7385	 -7.6366	  0.0000
  8.2884	  4.4550	 -1.1146	 -0.9955	  1.0000
  8.6511	  4.4550	 -1.5206	 -0.6577	  1.0000
  9.0137	  4.4550	  0.2482	  0.6449	  0.0000
  0.3108	  4.0924	  1.6493	  0.6294	  1.0000
  0.6734	  4.0924	  1.8543	  0.9574	  1.0000
  1.0361	  4.0924	  1.6453	  0.7403	  1.0000
  1.3987	  4.0924	  0.4459	 -7.7544	  0.0000
  1.7613	  4.0924	  0.9803	  0.6190	  1.0000
  2.1239	  4.0924	  0.9399	  0.4804	  1.0000
  2.4865	  4.0924	  0.7125	  0.7185	  1.0000
  2.8492	  4.0924	 -2.3028	  2.4101	  0.0000
  3.2118	  4.0924	 -2.0586	 -0.6477	  0.0000
  3.5744	  4.0924	 -0.2411	  0.2800	  1.0000
  3.9370	  4.0924	 -2.6481	 -0.6035	  0.0000
  4.2996	  4.0924	 -1.3421	  0.3661	  1.0000
  4.6622	  4.0924	 -2.3935	  0.4219	  1.0000
  5.0249	  4.0924	 -2.7067	  0.0178	  1.0000
  5.3875	  4.0924	 -2.9808	  0.0126	  1.0000
  5.7501	  4.0924	 -6.6998	  7.6714	  0.0000
  6.1127	  4.0924	 -1.5751	  0.6099	  0.0000
  6.4753	  4.0924	 -1.5700	 -1.2707	  1.0000
  6.8380	  4.0924	 -1.3907	 -1.0020	  0.0000
  7.2006	  4.0924	 -5.3642	 -0.7229	  0.0000
  7.5632	  4.0924	 -0.6963	 -1.4934	  1.0000
  7.9258	  4.0924	 -0.4735	 -1.3285	  1.0000
  8.2884	  4.0924	 -1.1844	 -1.0149	  1.0000
  8.6511	  4.0924	 -1.5453	 -0.6975	  1.0000
  9.0137	  4.0924	  0.4218	 -0.0416	  0.0000
  0.3108	  3.7298	  7.4606	  9.1933	  0.0000
  0.6734	  3.7298	  2.3554	  7.7255	  0.0000
  1.0361	  3.7298	  1.7646	  0.7350	  1.0000
  1.3987	  3.7298	  1.7137	  0.6289	  1.0000
  1.7613	  3.7298	  1.4213	  0.8933	  1.0000
  2.1239	  3.7298	  1.0803	  0.7850	  1.0000
  2.4865	  3.7298	  0.8440	  1.4084	  1.0000
  2.8492	  3.7298	  1.0163	  1.3110	  1.0000
  3.2118	  3.7298	  0.5790	  1.0556	  1.0000
  3.5744	  3.7298	  0.1839	  1.2068	  1.0000
  3.9370	  3.7298	  0.0152	-10.4477	  0.0000
  4.2996	  3.7298	 -1.2113	  0.9734	  1.0000
  4.6622	  3.7298	 -1.8139	  0.9109	  1.0000
  5.0249	  3.7298	 -2.1522	  0.3742	  1.0000
  5.3875	  3.7298	 -2.6218	  0.1340	  1.0000
  5.7501	  3.7298	 -2.2975	 -0.2601	  1.0000
  6.1127	  3.7298	 -1.9061	 -0.7982	  1.0000
  6.4753	  3.7298	 -1.5996	 -1.2054	  1.0000
  6.8380	  3.7298	  2.8410	  0.5864	  0.0000
  7.2006	  3.7298	 -3.0136	 -0.3832	  0.0000
  7.5632	  3.7298	  1.9838	 -5.0812	  0.0000
  7.9258	  3.7298	 -0.6659	 -1.2782	  1.0000
  8.2884	  3.7298	 -1.0999	 -1.2129	  1.0000
  8.6511	  3.7298	 -1.4872	 -0.9592	  1.0000
  9.0137	  3.7298	  0.4234	 -0.0720	  0.0000
  0.3108	  3.3672	  2.3581	  0.1584	  1.0000
  0.6734	  3.3672	  2.4158	  0.7708	  1.0000
  1.0361	  3.3672	  2.1368	  0.7277	  1.0000
  1.3987	  3.3672	  2.0362	  0.7232	  1.0000
  1.7613	  3.3672	  8.4368	  7.8296	  0.0000
  2.1239	  3.3672	  1.2354	  0.7660	  1.0000
  2.4865	  3.3672	 -1.6762	  1.8909	  0.0000
  2.8492	  3.3672	  0.9676	  2.0832	  1.0000
  3.2118	  3.3672	  0.5639	  1.8977	  1.0000
  3.5744	  3.3672	  0.2128	  2.1084	  1.0000
  3.9370	  3.3672	 -0.3913	  2.0790	  1.0000
  4.2996	  3.3672	 -1.0731	  1.9077	  1.0000
  4.6622	  3.3672	  4.5413	  8.0281	  0.0000
  5.0249	  3.3672	 -3.0300	  0.3228	  0.0000
  5.3875	  3.3672	 -5.2124	 -2.0300	  0.0000
  5.7501	  3.3672	-12.0732	 -6.5483	  0.0000
  6.1127	  3.3672	 -2.7407	 -0.1346	  0.0000
  6.4753	  3.3672	-12.4491	 -7.7410	  0.0000
  6.8380	  3.3672	  5.3839	 -9.8856	  0.0000
  7.2006	  3.3672	 13.4797	-11.3665	  0.0000
  7.5632	  3.3672	 -2.1097	 -0.1689	  0.0000
  7.9258	  3.3672	 -8.8098	 13.1875	  0.0000
  8.2884	  3.3672	 -1.1200	 -1.0662	  1.0000
  8.6511	  3.3672	 -1.6524	 -0.9102	  1.0000
  9.0137	  3.3672	  0.4441	 -0.1456	  0.0000
  0.3108	  3.0046	  1.7232	  1.4070	  1.0000
  0.6734	  3.0046	  1.6473	  1.5925	  1.0000
  1.0361	  3.0046	  1.4530	  1.4290	  1.0000
  1.3987	  3.0046	  1.2679	  1.6869	  1.0000
  1.7613	  3.0046	  0.9936	  1.7546	  1.0000
  2.1239	  3.0046	  0.8162	  1.6025	  1.0000
  2.4865	  3.0046	  0.3737	  2.1918	  1.0000
  2.8492	  3.0046	  0.2852	  2.4553	  1.0000
  3.2118	  3.0046	 -1.7665	  0.4020	  0.0000
  3.5744	  3.0046	 -4.6341	 13.3358	  0.0000
  3.9370	  3.0046	 -0.6195	  2.5936	  1.0000
  4.2996	  3.0046	 -1.1644	  2.2723	  1.0000
  4.6622	  3.0046	 -3.4629	  0.4028	  0.0000
  5.0249	  3.0046	 -1.6706	  1.7823	  1.0000
  5.3875	  3.0046	 -2.1316	  1.4065	  1.0000
  5.7501	  3.0046	 -2.1055	  0.8495	  1.0000
  6.1127	  3.0046	 -1.7044	  0.2393	  1.0000
  6.4753	  3.0046	 -1.5242	 -0.5313	  1.0000
  6.8380	  3.0046	 -1.6372	 -0.6501	  1.0000
  7.2006	  3.0046	  0.1794	  0.1007	  0.0000
  7.5632	  3.0046	 -2.8586	  0.0229	  0.0000
  7.9258	  3.0046	 -3.0213	 -0.0480	  0.0000
  8.2884	  3.0046	 -1.7677	  0.6747	  0.0000
  8.6511	  3.0046	 -1.3515	 -1.1568	  1.0000
  9.0137	  3.0046	  0.2851	 -0.1372	  0.0000
  0.3108	  2.6419	  1.5969	  1.5139	  1.0000
  0.6734	  2.6419	  1.7633	  1.8788	  1.0000
  1.0361	  2.6419	  2.5748	-13.7433	  0.0000
  1.3987	  2.6419	 -1.2108	 -7.5659	  0.0000
  1.7613	  2.6419	  1.0611	  2.0894	  1.0000
  2.1239	  2.6419	  1.0051	  2.0255	  1.0000
  2.4865	  2.6419	  0.8441	  2.7958	  1.0000
  2.8492	  2.6419	  0.6411	  3.0066	  1.0000
  3.2118	  2.6419	  0.2718	  2.9425	  1.0000
  3.5744	  2.6419	  0.0621	  3.3103	  1.0000
  3.9370	  2.6419	  7.7015	  7.7465	  0.0000
  4.2996	  2.6419	  5.2490	  4.1392	  0.0000
  4.6622	  2.6419	 -3.3983	  0.0408	  0.0000
  5.0249	  2.6419	 -1.5320	  2.3901	  1.0000
  5.3875	  2.6419	 -2.9408	 -0.0668	  0.0000
  5.7501	  2.6419	 -1.7064	  1.5704	  1.0000
  6.1127	  2.6419	 -1.2980	  0.9324	  1.0000
  6.4753	  2.6419	 -1.1536	  0.1397	  1.0000
  6.8380	  2.6419	 -1.0710	  0.1455	  1.0000
  7.2006	  2.6419	 -0.6706	 -0.5629	  1.0000
  7.5632	  2.6419	 -0.2391	 -6.6367	  0.0000
  7.9258	  2.6419	 -8.0519	 -7.7005	  0.0000
  8.2884	  2.6419	 -0.3975	 -0.8260	  1.0000
  8.6511	  2.6419	 -0.8546	 -0.7435	  1.0000
  9.0137	  2.6419	  0.1993	 -0.2033	  0.0000
  0.3108	  2.2793	  3.8095	  7.7370	  0.0000
  0.6734	  2.2793	  1.3405	  1.2379	  1.0000
  1.0361	  2.2793	  1.1933	  1.2146	  1.0000
  1.3987	  2.2793	  1.1046	  1.5627	  1.0000
  1.7613	  2.2793	  0.7637	  2.0734	  1.0000
  2.1239	  2.2793	  0.7391	  2.1177	  1.0000
  2.4865	  2.2793	  0.6902	  3.0126	  1.0000
  2.8492	  2.2793	  0.5276	  3.4300	  1.0000
  3.2118	  2.2793	  0.1633	  3.3341	  1.0000
  3.5744	  2.2793	 -0.1572	  3.7671	  1.0000
  3.9370	  2.2793	 -0.6303	  3.6276	  1.0000
  4.2996	  2.2793	 -0.9463	  3.4924	  1.0000
  4.6622	  2.2793	 -1.2903	  3.7010	  1.0000
  5.0249	  2.2793	 -3.7912	  0.2162	  0.0000
  5.3875	  2.2793	 -1.7305	  2.8817	  1.0000
  5.7501	  2.2793	  7.7539	 10.9156	  0.0000
  6.1127	  2.2793	 -1.3252	  1.7744	  1.0000
  6.4753	  2.2793	 -1.1963	  1.0475	  1.0000
  6.8380	  2.2793	 -3.2261	  0.5372	  0.0000
  7.2006	  2.2793	  6.0261	  3.0303	  0.0000
  7.5632	  2.2793	 -2.2437	  0.4545	  0.0000
  7.9258	  2.2793	 -5.3854	 -1.5308	  0.0000
  8.2884	  2.2793	 -0.4917	 -0.3777	  1.0000
  8.6511	  2.2793	 -0.8351	 -0.4445	  1.0000
  9.0137	  2.2793	 -0.0151	  0.0092	  0.0000
  0.3108	  1.9167	  0.6432	  0.9148	  1.0000
  0.6734	  1.9167	 -7.6406	  7.7950	  0.0000
  1.0361	  1.9167	  3.1993	  7.6511	  0.0000
  1.3987	  1.9167	 -1.6187	  6.5953	  0.0000
  1.7613	  1.9167	  0.2939	  2.2984	  1.0000
  2.1239	  1.9167	  0.3338	  2.3095	  1.0000
  2.4865	  1.9167	  0.2875	  3.1815	  1.0000
  2.8492	  1.9167	  0.1389	  3.5554	  1.0000
  3.2118	  1.9167	 -0.9830	  7.6337	  0.0000
  3.5744	  1.9167	 -0.4100	  3.7263	  1.0000
  3.9370	  1.9167	 -0.7316	 -0.1259	  0.0000
  4.2996	  1.9167	 -1.2196	  3.6986	  1.0000
  4.6622	  1.9167	 -1.3445	  4.2151	  1.0000
  5.0249	  1.9167	 -4.3708	  7.6399	  0.0000
  5.3875	  1.9167	 -1.4555	  3.7348	  1.0000
  5.7501	  1.9167	 -1.5580	  3.5118	  1.0000
  6.1127	  1.9167	 -1.2406	  3.2768	  1.0000
  6.4753	  1.9167	 -1.0187	  2.5329	  1.0000
  6.8380	  1.9167	 -0.7576	  2.0800	  1.0000
  7.2006	  1.9167	 -0.5811	  0.9855	  1.0000
  7.5632	  1.9167	 -5.6067	-12.1990	  0.0000
  7.9258	  1.9167	 -2.9444	  1.6140	  0.0000
  8.2884	  1.9167	  7.6582	 -7.7294	  0.0000
  8.6511	  1.9167	 -0.0849	  0.1026	  0.0000
  9.0137	  1.9167	 -0.7959	 -0.7535	  0.0000
  0.3108	  1.5541	  0.4249	  0.6376	  1.0000
  0.6734	  1.5541	  0.3906	  1.2075	  1.0000
  1.0361	  1.5541	  0.7033	  1.1535	  1.0000
  1.3987	  1.5541	  0.8492	  1.5655	  1.0000
  1.7613	  1.5541	  7.6568	  7.7880	  0.0000
  2.1239	  1.5541	  0.7087	  2.0564	  1.0000
  2.4865	  1.5541	  0.7376	  2.7397	  1.0000
  2.8492	  1.5541	 -5.2359	  6.0645	  0.0000
  3.2118	  1.5541	  0.3563	  2.7339	  1.0000
  3.5744	  1.5541	 12.6261	  6.8454	  0.0000
  3.9370	  1.5541	 -7.7821	  5.0096	  0.0000
  4.2996	  1.5541	 -1.3048	  3.3343	  1.0000
  4.6622	  1.5541	 -1.4664	  4.0156	  1.0000
  5.0249	  1.5541	 -1.7330	  4.0791	  1.0000
  5.3875	  1.5541	 -1.4955	  4.4224	  1.0000
  5.7501	  1.5541	 -3.7186	 13.4575	  0.0000
  6.1127	  1.5541	 -1.1870	  4.1907	  1.0000
  6.4753	  1.5541	  7.2949	  9.1053	  0.0000
  6.8380	  1.5541	 -2.6241	  1.2427	  0.0000
  7.2006	  1.5541	 -2.5619	  0.6986	  0.0000
  7.5632	  1.5541	 -0.0093	  1.2324	  1.0000
  7.9258	  1.5541	 13.6605	 10.1924	  0.0000
  8.2884	  1.5541	  0.0362	  0.0656	  0.0000
  8.6511	  1.5541	  0.4746	  0.1899	  1.0000
  9.0137	  1.5541	  0.7932	  0.6195	  1.0000
  0.3108	  1.1915	  7.2882	 -6.9339	  0.0000
  0.6734	  1.1915	  0.2668	  1.7698	  1.0000
  1.0361	  1.1915	 -6.1783	 -4.3603	  0.0000
  1.3987	  1.1915	  0.0398	  0.3166	  0.0000
  1.7613	  1.1915	  0.4903	  2.4025	  1.0000
  2.1239	  1.1915	  0.6951	  2.4517	  1.0000
  2.4865	  1.1915	  0.7893	  2.8350	  1.0000
  2.8492	  1.1915	  0.2843	  2.5538	  1.0000
  3.2118	  1.1915	  0.0236	  2.4414	  1.0000
  3.5744	  1.1915	 -0.6905	  2.9944	  1.0000
  3.9370	  1.1915	 -0.4435	  0.6580	  0.0000
  4.2996	  1.1915	 -1.6473	  3.3749	  1.0000
  4.6622	  1.1915	 -7.5733	  7.6099	  0.0000
  5.0249	  1.1915	 -2.0711	  4.3765	  1.0000
  5.3875	  1.1915	 -1.5913	  4.9844	  1.0000
  5.7501	  1.1915	 -1.4594	  5.0513	  1.0000
  6.1127	  1.1915	 -1.1554	  4.8430	  1.0000
  6.4753	  1.1915	 -0.7350	  4.2728	  1.0000
  6.8380	  1.1915	 -0.2613	  3.8176	  1.0000
  7.2006	  1.1915	 -7.6553	  7.9785	  0.0000
  7.5632	  1.1915	  0.2632	  1.8700	  1.0000
  7.9258	  1.1915	  0.4560	  1.4361	  1.0000
  8.2884	  1.1915	 -2.7338	 -0.8018	  0.0000
  8.6511	  1.1915	  0.8589	  0.7602	  1.0000
  9.0137	  1.1915	  1.2970	  1.1196	  1.0000
  0.3108	  0.8288	  0.1671	  0.4064	  0.0000
  0.6734	  0.8288	  0.0311	  0.4630	  0.0000
  1.0361	  0.8288	  0.4936	  1.3968	  1.0000
  1.3987	  0.8288	  0.7047	  1.7267	  1.0000
  1.7613	  0.8288	 -5.5259	  6.2712	  0.0000
  2.1239	  0.8288	  0.6856	  2.3438	  1.0000
  2.4865	  0.8288	  0.8556	  2.7052	  1.0000
  2.8492	  0.8288	  0.3132	  2.2757	  1.0000
  3.2118	  0.8288	  0.0279	  2.0858	  1.0000
  3.5744	  0.8288	 -0.7834	  2.6816	  1.0000
  3.9370	  0.8288	 -1.6143	  2.7141	  1.0000
  4.2996	  0.8288	 -1.6903	  3.3388	  1.0000
  4.6622	  0.8288	 -2.0689	  4.1890	  1.0000
  5.0249	  0.8288	 -2.3892	  4.4745	  1.0000
  5.3875	  0.8288	 -1.8040	  5.3442	  1.0000
  5.7501	  0.8288	 -1.5852	  5.5167	  1.0000
  6.1127	  0.8288	 -1.4306	  5.2969	  1.0000
  6.4753	  0.8288	 -0.9703	  4.6059	  1.0000
  6.8380	  0.8288	 -0.3193	  4.1843	  1.0000
  7.2006	  0.8288	  0.1723	  2.9383	  1.0000
  7.5632	  0.8288	  0.5417	  2.2138	  1.0000
  7.9258	  0.8288	  5.9685	  7.8307	  0.0000
  8.2884	  0.8288	  0.8941	  1.3349	  1.0000
  8.6511	  0.8288	  1.4058	  0.9947	  1.0000
  9.0137	  0.8288	  1.9132	  1.4692	  1.0000
  0.3108	  0.4662	  0.0131	  0.5000	  0.0000
  0.6734	  0.4662	  0.0751	  0.5041	  0.0000
  1.0361	  0.4662	  0.0543	  0.4130	  0.0000
  1.3987	  0.4662	 -0.1830	  0.3606	  0.0000
  1.7613	  0.4662	  0.7947	  1.7184	  1.0000
  2.1239	  0.4662	 14.0193	 -6.2862	  0.0000
  2.4865	  0.4662	  1.2651	  2.2272	  1.0000
  2.8492	  0.4662	  0.5555	  1.9304	  1.0000
  3.2118	  0.4662	  0.1924	  1.6028	  1.0000
  3.5744	  0.4662	 -0.8284	  2.2176	  1.0000
  3.9370	  0.4662	 -7.6473	-14.4198	  0.0000
  4.2996	  0.4662	 -1.7734	  2.9457	  1.0000
  4.6622	  0.4662	 -2.2166	  4.1152	  1.0000
  5.0249	  0.4662	 -2.6170	  4.4730	  1.0000
  5.3875	  0.4662	 -1.8799	  5.4825	  1.0000
  5.7501	  0.4662	 -1.6279	  5.7711	  1.0000
  6.1127	  0.4662	 -1.4401	  5.6700	  1.0000
  6.4753	  0.4662	 -0.8206	  5.5147	  1.0000
  6.8380	  0.4662	  0.0663	  5.1210	  1.0000
  7.2006	  0.4662	  0.3422	  4.0055	  1.0000
  7.5632	  0.4662	  0.7783	  3.2594	  1.0000
  7.9258	  0.4662	  1.0170	  2.6924	  1.0000
  8.2884	  0.4662	  1.2116	  2.4452	  1.0000
  8.6511	  0.4662	  1.8459	  2.1916	  1.0000
  9.0137	  0.4662	  2.1519	  2.2594	  1.0000
