# x	y	u	v	mask
  0.3108	  6.9934	 -2.0620	  2.7497	  1.0000
  0.6734	  6.9934	 -0.9379	  2.9743	  1.0000
  1.0361	  6.9934	 -7.4719	  7.9091	  0.0000
  1.3987	  6.9934	  0.3336	  0.4476	  0.0000
  1.7613	  6.9934	 -0.1125	  1.8547	  1.0000
  2.1239	  6.9934	  0.0320	  1.4383	  1.0000
  2.4865	  6.9934	  0.0476	  1.4634	  1.0000
  2.8492	  6.9934	 -1.5318	  0.0103	  0.0000
  3.2118	  6.9934	 -7.6426	  6.3289	  0.0000
  3.5744	  6.9934	 -0.8994	  0.3718	  1.0000
  3.9370	  6.9934	-14.4226	  4.7584	  0.0000
  4.2996	  6.9934	 -0.5029	  0.5550	  1.0000
  4.6622	  6.9934	 -0.0669	  0.7301	  1.0000
  5.0249	  6.9934	  0.2269	  1.2282	  1.0000
  5.3875	  6.9934	  0.8218	  1.6341	  1.0000
  5.7501	  6.9934	  1.6370	  2.3855	  1.0000
  6.1127	  6.9934	  1.5485	  2.7329	  1.0000
  6.4753	  6.9934	  1.1631	  2.6757	  1.0000
  6.8380	  6.9934	  1.1359	  2.6024	  1.0000
  7.2006	  6.9934	  0.8928	  2.2877	  1.0000
  7.5632	  6.9934	  0.1022	  0.5493	  0.0000
  7.9258	  6.9934	 -0.3911	  0.2202	  0.0000
  8.2884	  6.9934	 -0.1656	  0.2220	  0.0000
  8.6511	  6.9934	 -4.9944	 -4.9421	  0.0000
  9.0137	  6.9934	 -0.0704	  0.5474	  0.0000
  0.3108	  6.6308	 -6.4496	  7.6871	  0.0000
  0.6734	  6.6308	 -8.2057	  7.2232	  0.0000
  1.0361	  6.6308	 -3.2777	 -8.1584	  0.0000
  1.3987	  6.6308	  0.0814	  1.5527	  1.0000
  1.7613	  6.6308	 12.9477	 10.3351	  0.0000
  2.1239	  6.6308	  0.5271	  0.7035	  1.0000
  2.4865	  6.6308	  0.8810	  0.5860	  1.0000
  2.8492	  6.6308	-11.4320	  5.6675	  0.0000
  3.2118	  6.6308	 -0.3773	  0.0694	  1.0000
  3.5744	  6.6308	 -0.4000	  0.1274	  1.0000
  3.9370	  6.6308	 -0.4368	  0.2503	  1.0000
  4.2996	  6.6308	 -0.1206	  0.2477	  1.0000
  4.6622	  6.6308	  0.1639	  0.4972	  1.0000
  5.0249	  6.6308	  0.3520	  1.1528	  1.0000
  5.3875	  6.6308	  7.2543	-11.2725	  0.0000
  5.7501	  6.6308	  1.4656	  2.5136	  1.0000
  6.1127	  6.6308	  0.1469	  0.3418	  0.0000
  6.4753	  6.6308	  1.0511	  2.7873	  1.0000
  6.8380	  6.6308	  0.8623	  2.8079	  1.0000
  7.2006	  6.6308	  0.6009	  2.5330	  1.0000
  7.5632	  6.6308	 -0.0210	  0.1583	  0.0000
  7.9258	  6.6308	  0.1794	  0.4106	  0.0000
  8.2884	  6.6308	 -0.1914	  0.4890	  0.0000
  8.6511	  6.6308	 -0.7524	  0.1597	  1.0000
  9.0137	  6.6308	 -0.9609	 -0.0513	  1.0000
  0.3108	  6.2681	 -0.9087	  1.7399	  1.0000
  0.6734	  6.2681	 -0.0508	  1.9624	  1.0000
  1.0361	  6.2681	  2.5665	  1.9892	  0.0000
  1.3987	  6.2681	  7.7567	  7.6429	  0.0000
  1.7613	  6.2681	  0.9582	  1.3742	  1.0000
  2.1239	  6.2681	  1.2500	  0.8644	  1.0000
  2.4865	  6.2681	  5.1639	 -0.4525	  0.0000
  2.8492	  6.2681	  1.1040	  0.6400	  1.0000
  3.2118	  6.2681	  0.2132	  0.2914	  1.0000
  3.5744	  6.2681	  0.1175	  0.3438	  1.0000
  3.9370	  6.2681	 -0.2034	  0.1063	  1.0000
  4.2996	  6.2681	 -7.8345	 -2.8476	  0.0000
  4.6622	  6.2681	  5.3968	  0.4561	  0.0000
  5.0249	  6.2681	  4.1249	  1.4280	  0.0000
  5.3875	  6.2681	-13.2002	 13.8678	  0.0000
  5.7501	  6.2681	  1.4337	  1.9885	  1.0000
  6.1127	  6.2681	 -0.1422	  9.1943	  0.0000
  6.4753	  6.2681	  1.3506	  2.4173	  1.0000
  6.8380	  6.2681	  0.1618	  0.2509	  0.0000
  7.2006	  6.2681	  0.7999	  2.2066	  1.0000
  7.5632	  6.2681	  0.5114	  1.8612	  1.0000
  7.9258	  6.2681	  0.0360	  1.0894	  1.0000
  8.2884	  6.2681	 -0.1893	  0.3380	  1.0000
  8.6511	  6.2681	 -0.7519	 -0.2520	  1.0000
  9.0137	  6.2681	 -0.9947	 -0.5660	  1.0000
  0.3108	  5.9055	 -1.5539	  5.7969	  0.0000
  0.6734	  5.9055	  0.0744	  2.4347	  1.0000
  1.0361	  5.9055	  3.5955	 -1.2980	  0.0000
  1.3987	  5.9055	-13.6506	  0.0647	  0.0000
  1.7613	  5.9055	  1.4859	  1.3627	  1.0000
  2.1239	  5.9055	  1.8395	  0.9424	  1.0000
  2.4865	  5.9055	  2.0108	  0.5100	  1.0000
  2.8492	  5.9055	  3.3337	 -3.0922	  0.0000
  3.2118	  5.9055	  3.4189	 -1.7045	  0.0000
  3.5744	  5.9055	  0.6807	  0.0286	  1.0000
  3.9370	  5.9055	  4.2501	 -5.6005	  0.0000
  4.2996	  5.9055	  0.3737	  0.1395	  1.0000
  4.6622	  5.9055	  0.5369	  0.2084	  1.0000
  5.0249	  5.9055	  7.8476	  2.4090	  0.0000
  5.3875	  5.9055	  5.6514	  0.8993	  0.0000
  5.7501	  5.9055	 -0.8183	  0.4983	  0.0000
  6.1127	  5.9055	  1.3687	  2.1827	  1.0000
  6.4753	  5.9055	  1.1444	  2.1858	  1.0000
  6.8380	  5.9055	 12.8996	 12.9063	  0.0000
  7.2006	  5.9055	  0.6643	  2.0021	  1.0000
  7.5632	  5.9055	  0.3568	  1.4574	  1.0000
  7.9258	  5.9055	  0.2030	  0.9379	  1.0000
  8.2884	  5.9055	 -0.0047	  0.2419	  1.0000
  8.6511	  5.9055	 -0.5027	 -0.3247	  1.0000
  9.0137	  5.9055	 -0.7375	 -0.6654	  1.0000
  0.3108	  5.5429	  1.0495	 -1.6372	  0.0000
  0.6734	  5.5429	  0.9315	  1.9398	  1.0000
  1.0361	  5.5429	 -7.7705	 -2.4795	  0.0000
  1.3987	  5.5429	  4.5586	 -5.7363	  0.0000
  1.7613	  5.5429	  2.3261	  0.8675	  1.0000
  2.1239	  5.5429	  4.7865	 -5.4463	  0.0000
  2.4865	  5.5429	  3.2847	  0.0046	  1.0000
  2.8492	  5.5429	  3.0194	 -0.0572	  1.0000
  3.2118	  5.5429	  4.5929	 -2.4060	  0.0000
  3.5744	  5.5429	  4.1789	 -7.2952	  0.0000
  3.9370	  5.5429	  1.4868	 -0.3515	  1.0000
  4.2996	  5.5429	-10.6720	  4.8144	  0.0000
  4.6622	  5.5429	  1.2180	  0.0274	  1.0000
  5.0249	  5.5429	  0.9815	  0.3716	  1.0000
  5.3875	  5.5429	  6.7693	 -1.9713	  0.0000
  5.7501	  5.5429	  1.5988	  1.2712	  1.0000
  6.1127	  5.5429	  1.7449	  1.7332	  1.0000
  6.4753	  5.5429	 -1.2641	  7.6347	  0.0000
  6.8380	  5.5429	 -7.6468	 11.9497	  0.0000
  7.2006	  5.5429	  1.2670	  1.5394	  1.0000
  7.5632	  5.5429	 -0.2268	  0.3929	  0.0000
  7.9258	  5.5429	  0.6211	  0.5943	  1.0000
  8.2884	  5.5429	 -0.0008	  0.6114	  0.0000
  8.6511	  5.5429	  0.4290	  0.4056	  0.0000
  9.0137	  5.5429	 -6.9921	  1.3732	  0.0000
  0.3108	  5.1803	  7.5594	 -0.7239	  0.0000
  0.6734	  5.1803	  0.1607	  4.1983	  0.0000
  1.0361	  5.1803	  2.3112	  0.8565	  1.0000
  1.3987	  5.1803	  2.8539	  1.0065	  1.0000
  1.7613	  5.1803	  3.3312	  0.6900	  1.0000
  2.1239	  5.1803	  4.0466	 -0.7407	  0.0000
  2.4865	  5.1803	 12.7989	 14.9772	  0.0000
  2.8492	  5.1803	  4.0537	 -4.1979	  0.0000
  3.2118	  5.1803	  4.0456	 -0.6876	  0.0000
  3.5744	  5.1803	  2.5883	 -0.7055	  1.0000
  3.9370	  5.1803	 -7.6939	  2.1806	  0.0000
  4.2996	  5.1803	  1.3498	 -0.6848	  1.0000
  4.6622	  5.1803	  1.0077	 -0.3746	  1.0000
  5.0249	  5.1803	  0.8838	  0.3031	  1.0000
  5.3875	  5.1803	  0.7433	  0.5826	  1.0000
  5.7501	  5.1803	  7.1284	 -2.1295	  0.0000
  6.1127	  5.1803	 -2.3410	 -7.7480	  0.0000
  6.4753	  5.1803	  1.1661	  1.9213	  1.0000
  6.8380	  5.1803	  1.3062	  1.7538	  1.0000
  7.2006	  5.1803	 11.5402	  7.5520	  0.0000
  7.5632	  5.1803	  0.8858	  0.8259	  1.0000
  7.9258	  5.1803	  0.0287	  0.4296	  0.0000
  8.2884	  5.1803	  0.4089	 -0.5782	  1.0000
  8.6511	  5.1803	 -0.0539	  0.3532	  0.0000
  9.0137	  5.1803	 -4.6898	-11.6989	  0.0000
  0.3108	  4.8177	-13.2631	  5.7085	  0.0000
  0.6734	  4.8177	  1.6049	  4.5128	  0.0000
  1.0361	  4.8177	  9.0356	 14.6067	  0.0000
  1.3987	  4.8177	  3.2352	  0.9079	  1.0000
  1.7613	  4.8177	  3.6606	  0.5977	  1.0000
  2.1239	  4.8177	  4.4530	 -0.1422	  1.0000
  2.4865	  4.8177	  6.3382	 -7.5908	  0.0000
  2.8492	  4.8177	  4.0205	 -3.5443	  0.0000
  3.2118	  4.8177	  6.6730	  5.3347	  0.0000
  3.5744	  4.8177	  3.3110	 -0.8933	  1.0000
  3.9370	  4.8177	  2.2782	 -1.4321	  1.0000
  4.2996	  4.8177	  2.0217	 -1.4182	  1.0000
  4.6622	  4.8177	  1.4018	 -0.8784	  1.0000
  5.0249	  4.8177	  1.0544	 -0.2105	  1.0000
  5.3875	  4.8177	  0.7409	 -0.0722	  1.0000
  5.7501	  4.8177	  1.2661	  0.9405	  1.0000
  6.1127	  4.8177	  3.6977	  9.3299	  0.0000
  6.4753	  4.8177	-11.6129	-10.0448	  0.0000
  6.8380	  4.8177	  1.6279	  1.6435	  1.0000
  7.2006	  4.8177	  1.5005	  1.3224	  1.0000
  7.5632	  4.8177	  1.4710	  0.7313	  1.0000
  7.9258	  4.8177	  1.3211	  0.0474	  1.0000
  8.2884	  4.8177	  0.1323	  0.6384	  0.0000
  8.6511	  4.8177	  0.8998	 -1.6241	  1.0000
  9.0137	  4.8177	  0.7910	 -2.1429	  1.0000
  0.3108	  4.4550	  3.4363	  1.1127	  1.0000
  0.6734	  4.4550	  3.4621	  1.1420	  1.0000
  1.0361	  4.4550	  3.6951	  0.7285	  1.0000
  1.3987	  4.4550	  4.2307	 -1.4352	  0.0000
  1.7613	  4.4550	  4.1783	 -1.5298	  0.0000
  2.1239	  4.4550	  4.4259	 -2.2244	  0.0000
  2.4865	  4.4550	  4.9769	 -0.7843	  1.0000
  2.8492	  4.4550	  4.4302	 -0.6519	  1.0000
  3.2118	  4.4550	 12.9889	-11.4164	  0.0000
  3.5744	  4.4550	 13.8516	  7.7683	  0.0000
  3.9370	  4.4550	 -3.8296	  6.8779	  0.0000
  4.2996	  4.4550	  4.0738	 -3.2297	  0.0000
  4.6622	  4.4550	  0.8760	 -0.8026	  1.0000
  5.0249	  4.4550	  0.4772	 -0.1672	  1.0000
  5.3875	  4.4550	  4.7401	 -7.8942	  0.0000
  5.7501	  4.4550	  0.8932	  0.4651	  1.0000
  6.1127	  4.4550	  6.1684	  0.9414	  0.0000
  6.4753	  4.4550	 14.2194	 -1.1897	  0.0000
  6.8380	  4.4550	  1.8527	  0.9400	  1.0000
  7.2006	  4.4550	  0.5413	  0.4646	  0.0000
  7.5632	  4.4550	  1.6995	  0.1354	  1.0000
  7.9258	  4.4550	  1.6585	 -0.3262	  1.0000
  8.2884	  4.4550	  9.6201	-13.0448	  0.0000
  8.6511	  4.4550	  1.5747	 -1.7913	  1.0000
  9.0137	  4.4550	  1.4881	 -2.2121	  1.0000
  0.3108	  4.0924	  7.5858	 -7.6734	  0.0000
  0.6734	  4.0924	  0.4125	 -7.7135	  0.0000
  1.0361	  4.0924	 14.6727	  9.0364	  0.0000
  1.3987	  4.0924	  4.6464	  0.9981	  1.0000
  1.7613	  4.0924	  4.2838	 -1.6629	  0.0000
  2.1239	  4.0924	  5.2468	  0.1934	  1.0000
  2.4865	  4.0924	  5.3587	  7.7911	  0.0000
  2.8492	  4.0924	  4.1680	 -0.4250	  1.0000
  3.2118	  4.0924	  4.4163	 -2.8228	  0.0000
  3.5744	  4.0924	 -5.9439	-10.1929	  0.0000
  3.9370	  4.0924	  3.7075	 -3.0020	  0.0000
  4.2996	  4.0924	  1.2510	 -1.1885	  1.0000
  4.6622	  4.0924	  0.7673	 -0.7941	  1.0000
  5.0249	  4.0924	-10.3931	 -6.4248	  0.0000
  5.3875	  4.0924	  0.3348	 -0.5257	  1.0000
  5.7501	  4.0924	  5.8847	 -2.5727	  0.0000
  6.1127	  4.0924	  1.5043	  6.5952	  0.0000
  6.4753	  4.0924	-11.2525	  7.9589	  0.0000
  6.8380	  4.0924	  7.3159	 -2.6974	  0.0000
  7.2006	  4.0924	-14.5309	  2.8764	  0.0000
  7.5632	  4.0924	  2.2045	 -0.6639	  1.0000
  7.9258	  4.0924	  7.7190	 -7.6005	  0.0000
  8.2884	  4.0924	  1.9560	 -1.7747	  1.0000
  8.6511	  4.0924	  0.1467	  0.2546	  0.0000
  9.0137	  4.0924	 -2.7627	 -7.6165	  0.0000
  0.3108	  3.7298	  4.4876	  1.9912	  1.0000
  0.6734	  3.7298	  4.3352	  1.7210	  1.0000
  1.0361	  3.7298	  4.0985	 -6.7737	  0.0000
  1.3987	  3.7298	  7.5773	  3.7042	  0.0000
  1.7613	  3.7298	  2.1403	  8.6966	  0.0000
  2.1239	  3.7298	  5.2072	  0.0474	  1.0000
  2.4865	  3.7298	  4.6411	 -0.3997	  1.0000
  2.8492	  3.7298	  5.1827	  2.2881	  0.0000
  3.2118	  3.7298	 12.3506	-12.6894	  0.0000
  3.5744	  3.7298	  2.7624	 -0.7852	  1.0000
  3.9370	  3.7298	  7.5542	  5.1125	  0.0000
  4.2996	  3.7298	  4.2467	 -3.6366	  0.0000
  4.6622	  3.7298	  0.4996	 -0.6630	  1.0000
  5.0249	  3.7298	 -7.7512	-10.0654	  0.0000
  5.3875	  3.7298	  0.1334	 -0.1920	  1.0000
  5.7501	  3.7298	  0.7733	  0.3161	  1.0000
  6.1127	  3.7298	 -7.0894	  7.7164	  0.0000
  6.4753	  3.7298	  1.6272	  0.1808	  1.0000
  6.8380	  3.7298	 12.2697	 15.2256	  0.0000
  7.2006	  3.7298	  2.2911	 -0.5686	  1.0000
  7.5632	  3.7298	  2.5144	 -1.2818	  1.0000
  7.9258	  3.7298	  7.6564	 -7.6867	  0.0000
  8.2884	  3.7298	  0.3727	 -0.0199	  0.0000
  8.6511	  3.7298	  2.5411	 -2.4761	  1.0000
  9.0137	  3.7298	 -0.1802	  0.4192	  0.0000
  0.3108	  3.3672	  6.0502	  7.7910	  0.0000
  0.6734	  3.3672	  4.3510	  0.9971	  1.0000
  1.0361	  3.3672	  4.3453	  0.4840	  1.0000
  1.3987	  3.3672	  4.4356	  0.6344	  1.0000
  1.7613	  3.3672	  4.2002	  0.5575	  1.0000
  2.1239	  3.3672	  4.1287	 -0.9874	  0.0000
  2.4865	  3.3672	  7.5216	 -4.9787	  0.0000
  2.8492	  3.3672	  3.5393	 -0.8253	  1.0000
  3.2118	  3.3672	  3.0768	 -0.9911	  1.0000
  3.5744	  3.3672	  2.3824	 -0.9342	  1.0000
  3.9370	  3.3672	  1.1433	 -1.1934	  1.0000
  4.2996	  3.3672	-10.0765	  7.7552	  0.0000
  4.6622	  3.3672	  0.3209	 -0.9933	  1.0000
  5.0249	  3.3672	  0.0545	 -0.5091	  1.0000
  5.3875	  3.3672	 -5.5389	  4.5862	  0.0000
  5.7501	  3.3672	  3.2378	 -5.4035	  0.0000
  6.1127	  3.3672	  1.3648	 -0.2637	  1.0000
  6.4753	  3.3672	  7.6760	 -3.4743	  0.0000
  6.8380	  3.3672	  2.7420	  4.5101	  0.0000
  7.2006	  3.3672	  2.9353	 -1.5411	  1.0000
  7.5632	  3.3672	  3.2001	 -2.0141	  1.0000
  7.9258	  3.3672	  2.8167	 -2.2813	  1.0000
  8.2884	  3.3672	  0.0233	  0.7089	  0.0000
  8.6511	  3.3672	  2.6236	 -3.1491	  1.0000
  9.0137	  3.3672	 10.7718	  4.3529	  0.0000
  0.3108	  3.0046	  3.6434	  1.3799	  1.0000
  0.6734	  3.0046	  3.5500	  0.9120	  1.0000
  1.0361	  3.0046	  3.4502	  0.1467	  1.0000
  1.3987	  3.0046	 10.8916	  7.1622	  0.0000
  1.7613	  3.0046	  1.6570	 -0.8047	  0.0000
  2.1239	  3.0046	  7.5449	-10.2967	  0.0000
  2.4865	  3.0046	  3.2881	 -0.4760	  1.0000
  2.8492	  3.0046	 -5.3384	 10.8916	  0.0000
  3.2118	  3.0046	  4.0143	 -2.2196	  0.0000
  3.5744	  3.0046	  1.9735	 -0.5267	  1.0000
  3.9370	  3.0046	  0.6604	 -1.0706	  1.0000
  4.2996	  3.0046	  0.2294	 -1.2140	  1.0000
  4.6622	  3.0046	 -0.4222	 -0.8330	  1.0000
  5.0249	  3.0046	 -0.7381	 -0.2243	  1.0000
  5.3875	  3.0046	 -0.7073	 -0.1714	  1.0000
  5.7501	  3.0046	  4.3633	  1.0191	  0.0000
  6.1127	  3.0046	  0.7029	 -0.1792	  1.0000
  6.4753	  3.0046	  1.8145	 -0.4358	  1.0000
  6.8380	  3.0046	  2.6856	 -1.1328	  1.0000
  7.2006	  3.0046	  2.4255	 -1.6863	  1.0000
  7.5632	  3.0046	  3.0088	 -2.1070	  1.0000
  7.9258	  3.0046	  7.5942	 -5.8043	  0.0000
  8.2884	  3.0046	  1.9180	 -2.5807	  1.0000
  8.6511	  3.0046	  2.1880	 -2.7989	  1.0000
  9.0137	  3.0046	  1.7636	 -2.9552	  1.0000
  0.3108	  2.6419	  2.5867	  1.4388	  1.0000
  0.6734	  2.6419	 -1.7571	 10.9584	  0.0000
  1.0361	  2.6419	  3.1715	-13.6109	  0.0000
  1.3987	  2.6419	 14.0301	 12.4326	  0.0000
  1.7613	  2.6419	  5.5151	 -1.9090	  0.0000
  2.1239	  2.6419	  0.1179	 -0.2588	  0.0000
  2.4865	  2.6419	  4.0892	 10.3177	  0.0000
  2.8492	  2.6419	  2.4313	 -1.0972	  1.0000
  3.2118	  2.6419	  1.9430	 -0.9793	  1.0000
  3.5744	  2.6419	 -5.8729	-13.9339	  0.0000
  3.9370	  2.6419	  0.5889	 -0.7426	  1.0000
  4.2996	  2.6419	  0.2158	 -0.8412	  1.0000
  4.6622	  2.6419	 -0.2706	  7.3148	  0.0000
  5.0249	  2.6419	 -2.8061	 14.6362	  0.0000
  5.3875	  2.6419	 -0.4402	 -0.2821	  1.0000
  5.7501	  2.6419	  0.9394	 -0.4394	  1.0000
  6.1127	  2.6419	 -5.9421	 -8.7194	  0.0000
  6.4753	  2.6419	  7.4449	 -2.5901	  0.0000
  6.8380	  2.6419	  6.6471	 -1.6064	  0.0000
  7.2006	  2.6419	  3.2219	 -2.2296	  1.0000
  7.5632	  2.6419	  3.7774	 -2.5139	  1.0000
  7.9258	  2.6419	  3.3120	 -2.3346	  1.0000
  8.2884	  2.6419	  2.4029	 -2.5188	  1.0000
  8.6511	  2.6419	  2.2536	 -2.5711	  1.0000
  9.0137	  2.6419	 -2.6053	 -3.5765	  0.0000
  0.3108	  2.2793	  1.1694	  0.9691	  1.0000
  0.6734	  2.2793	  1.3302	  0.2461	  1.0000
  1.0361	  2.2793	  0.8638	 -0.6647	  1.0000
  1.3987	  2.2793	  1.4591	 -0.4156	  1.0000
  1.7613	  2.2793	  1.2330	 -0.8511	  1.0000
  2.1239	  2.2793	  2.1864	 -1.2741	  0.0000
  2.4865	  2.2793	  3.8009	  0.0177	  0.0000
  2.8492	  2.2793	  1.5044	 -1.5420	  1.0000
  3.2118	  2.2793	  1.0173	 -1.1674	  1.0000
  3.5744	  2.2793	  1.0364	 -0.7047	  1.0000
  3.9370	  2.2793	  4.3730	 -2.3805	  0.0000
  4.2996	  2.2793	 -0.2654	 -0.6446	  1.0000
  4.6622	  2.2793	 -2.7632	-13.3634	  0.0000
  5.0249	  2.2793	 -0.8952	 -0.5108	  1.0000
  5.3875	  2.2793	  2.7836	 -4.5733	  0.0000
  5.7501	  2.2793	  1.2085	 -0.8751	  1.0000
  6.1127	  2.2793	  1.8775	 -0.9526	  1.0000
  6.4753	  2.2793	  8.0072	 -2.0548	  0.0000
  6.8380	  2.2793	 12.0154	-11.0501	  0.0000
  7.2006	  2.2793	  3.4460	 -2.4626	  1.0000
  7.5632	  2.2793	  3.7089	 -2.4812	  1.0000
  7.9258	  2.2793	  4.7455	 -9.4995	  0.0000
  8.2884	  2.2793	 -5.9937	-12.6130	  0.0000
  8.6511	  2.2793	  2.5080	 -1.8842	  1.0000
  9.0137	  2.2793	  2.0839	 -1.7250	  1.0000
  0.3108	  1.9167	  2.9424	  7.7883	  0.0000
  0.6734	  1.9167	 -1.6582	  9.6995	  0.0000
  1.0361	  1.9167	  0.0989	 -1.2310	  1.0000
  1.3987	  1.9167	-14.2529	 -7.7541	  0.0000
  1.7613	  1.9167	  3.0284	-11.3048	  0.0000
  2.1239	  1.9167	 -5.1323	-13.4139	  0.0000
  2.4865	  1.9167	  7.8746	 11.8230	  0.0000
  2.8492	  1.9167	  0.6304	 -1.6193	  1.0000
  3.2118	  1.9167	 10.9735	  8.8979	  0.0000
  3.5744	  1.9167	  0.2302	 -0.5821	  1.0000
  3.9370	  1.9167	 -0.5302	 -0.4511	  1.0000
  4.2996	  1.9167	 -0.4980	 -0.6839	  1.0000
  4.6622	  1.9167	 -0.9463	 -0.6498	  1.0000
  5.0249	  1.9167	 -0.7920	 -0.5656	  1.0000
  5.3875	  1.9167	 -0.2158	 -0.4965	  1.0000
  5.7501	  1.9167	-12.1974	 14.1132	  0.0000
  6.1127	  1.9167	 -9.8251	 -1.0570	  0.0000
  6.4753	  1.9167	  2.9206	 -1.6228	  1.0000
  6.8380	  1.9167	 12.8521	 -7.8748	  0.0000
  7.2006	  1.9167	  3.3453	 -2.2810	  1.0000
  7.5632	  1.9167	  3.4091	 -2.2541	  1.0000
  7.9258	  1.9167	  0.2337	  0.9496	  0.0000
  8.2884	  1.9167	 -4.5843	 -1.1688	  0.0000
  8.6511	  1.9167	  1.9660	 -1.7569	  1.0000
  9.0137	  1.9167	 -0.7010	  0.2083	  0.0000
  0.3108	  1.5541	 -0.3686	 -0.1210	  0.0000
  0.6734	  1.5541	 -0.4092	 -0.8594	  1.0000
  1.0361	  1.5541	 -0.9495	 -1.4617	  1.0000
  1.3987	  1.5541	 -0.5236	 -1.1323	  1.0000
  1.7613	  1.5541	 -0.4450	 -1.6664	  1.0000
  2.1239	  1.5541	 -7.8253	 -7.3105	  0.0000
  2.4865	  1.5541	 -0.2848	 -1.2153	  1.0000
  2.8492	  1.5541	 -0.2270	 -1.4179	  1.0000
  3.2118	  1.5541	  7.6996	 -0.3716	  0.0000
  3.5744	  1.5541	  2.5059	 -1.4949	  0.0000
  3.9370	  1.5541	 -8.4631	 -6.5657	  0.0000
  4.2996	  1.5541	 -1.2518	 -0.1114	  1.0000
  4.6622	  1.5541	 -1.6844	 -0.1418	  1.0000
  5.0249	  1.5541	 -1.0756	 -0.3741	  1.0000
  5.3875	  1.5541	 -0.3722	 -0.3647	  1.0000
  5.7501	  1.5541	  1.3132	 -0.9036	  1.0000
  6.1127	  1.5541	  2.1617	 -0.9843	  1.0000
  6.4753	  1.5541	  3.0971	 -1.4854	  1.0000
  6.8380	  1.5541	 12.3772	 -7.0286	  0.0000
  7.2006	  1.5541	  3.6604	 -1.9156	  1.0000
  7.5632	  1.5541	  3.6323	 -1.7619	  1.0000
  7.9258	  1.5541	  3.1769	 -1.3948	  1.0000
  8.2884	  1.5541	  4.2738	 -6.2150	  0.0000
  8.6511	  1.5541	  1.8379	 -0.8938	  1.0000
  9.0137	  1.5541	 -0.1161	  0.7386	  0.0000
  0.3108	  1.1915	 -1.2765	 -0.5841	  1.0000
  0.6734	  1.1915	 -1.2692	 -1.3598	  1.0000
  1.0361	  1.1915	-13.1707	 -7.6464	  0.0000
  1.3987	  1.1915	 -1.2766	 -1.8157	  1.0000
  1.7613	  1.1915	 -1.1866	 -2.3386	  1.0000
  2.1239	  1.1915	-11.2981	 -2.9870	  0.0000
  2.4865	  1.1915	  8.9141	 -8.2483	  0.0000
  2.8492	  1.1915	 -0.5018	 -1.4447	  1.0000
  3.2118	  1.1915	 -0.7666	 -0.7055	  1.0000
  3.5744	  1.1915	 -0.5066	 -0.3694	  1.0000
  3.9370	  1.1915	  1.8681	 -2.5321	  0.0000
  4.2996	  1.1915	  0.4276	 -2.9093	  0.0000
  4.6622	  1.1915	 -0.5122	 -4.4697	  0.0000
  5.0249	  1.1915	 -1.0863	 -0.6976	  1.0000
  5.3875	  1.1915	 -0.4212	 -0.6387	  1.0000
  5.7501	  1.1915	  1.4050	 -1.2613	  1.0000
  6.1127	  1.1915	  2.3052	 -1.1141	  1.0000
  6.4753	  1.1915	  3.2022	 -1.2744	  1.0000
  6.8380	  1.1915	  7.4052	  3.9157	  0.0000
  7.2006	  1.1915	  3.7334	 -1.6617	  1.0000
  7.5632	  1.1915	  3.5226	 -1.6232	  1.0000
  7.9258	  1.1915	  3.2306	 -1.1714	  1.0000
  8.2884	  1.1915	  5.0383	  7.3636	  0.0000
  8.6511	  1.1915	 -0.2004	  0.7179	  0.0000
  9.0137	  1.1915	 10.8871	  7.6444	  0.0000
  0.3108	  0.8288	  7.6159	 -2.3550	  0.0000
  0.6734	  0.8288	 -0.2278	 -0.2825	  0.0000
  1.0361	  0.8288	 -2.3538	 -2.3860	  1.0000
  1.3987	  0.8288	 -1.8366	 -2.1717	  1.0000
  1.7613	  0.8288	 -1.7641	 -2.6618	  1.0000
  2.1239	  0.8288	 -1.3498	 -2.4478	  1.0000
  2.4865	  0.8288	 -7.4364	 -5.8438	  0.0000
  2.8492	  0.8288	  0.9426	 -0.5296	  0.0000
  3.2118	  0.8288	  1.7924	 -0.3281	  0.0000
  3.5744	  0.8288	-11.3427	 -0.3655	  0.0000
  3.9370	  0.8288	  4.3499	  0.4551	  0.0000
  4.2996	  0.8288	-15.1486	  8.2195	  0.0000
  4.6622	  0.8288	 -2.3210	  0.2857	  1.0000
  5.0249	  0.8288	 -1.5066	 -0.1769	  1.0000
  5.3875	  0.8288	  7.8354	 -4.5187	  0.0000
  5.7501	  0.8288	  2.8512	 -5.1617	  0.0000
  6.1127	  0.8288	  1.9248	 -0.6777	  1.0000
  6.4753	  0.8288	  2.7873	 -0.7908	  1.0000
  6.8380	  0.8288	  2.1218	  3.1069	  0.0000
  7.2006	  0.8288	  3.6080	 -0.7875	  1.0000
  7.5632	  0.8288	  3.3812	 -0.7295	  1.0000
  7.9258	  0.8288	  3.1997	 -0.2130	  1.0000
  8.2884	  0.8288	  0.0557	  0.4638	  0.0000
  8.6511	  0.8288	 -5.8936	 -2.3406	  0.0000
  9.0137	  0.8288	  1.3917	  0.8791	  1.0000
  0.3108	  0.4662	  0.0559	  0.3448	  0.0000
  0.6734	  0.4662	  0.0370	  0.5177	  0.0000
  1.0361	  0.4662	 -2.3205	 -2.2888	  1.0000
  1.3987	  0.4662	  0.0716	  0.2196	  0.0000
  1.7613	  0.4662	 -7.1821	 -6.3843	  0.0000
  2.1239	  0.4662	 -1.8088	 -2.5118	  1.0000
  2.4865	  0.4662	 -1.9145	 -1.5415	  1.0000
  2.8492	  0.4662	 10.0012	 -6.0532	  0.0000
  3.2118	  0.4662	 -8.8963	  7.6753	  0.0000
  3.5744	  0.4662	-14.6508	 14.5800	  0.0000
  3.9370	  0.4662	 -2.0322	  0.0877	  1.0000
  4.2996	  0.4662	 -2.3393	  0.2403	  1.0000
  4.6622	  0.4662	 -2.2987	 -0.0300	  1.0000
  5.0249	  0.4662	 -0.9198	 -0.5823	  1.0000
  5.3875	  0.4662	 -0.2172	 -0.4265	  1.0000
  5.7501	  0.4662	 -7.7813	  7.7501	  0.0000
  6.1127	  0.4662	  2.5644	 -0.7972	  1.0000
  6.4753	  0.4662	  3.4342	 -0.8548	  1.0000
  6.8380	  0.4662	 11.3728	 -2.9499	  0.0000
  7.2006	  0.4662	  4.1424	 -0.3486	  1.0000
  7.5632	  0.4662	  3.4755	 -0.2549	  1.0000
  7.9258	  0.4662	 -0.0084	  0.7721	  0.0000
  8.2884	  0.4662	  2.6299	  7.9089	  0.0000
  8.6511	  0.4662	  2.3330	  0.7708	  1.0000
  9.0137	  0.4662	  1.9985	  1.2028	  1.0000
