# x	y	u	v	mask
  0.3108	  6.9934	  2.5687	  1.1258	  1.0000
  0.6734	  6.9934	  2.6525	  1.2527	  1.0000
  1.0361	  6.9934	 -1.2002	 -6.4436	  0.0000
  1.3987	  6.9934	  0.4095	  0.9447	  0.0000
  1.7613	  6.9934	  3.6529	  0.2902	  1.0000
  2.1239	  6.9934	  3.4317	 -0.1766	  1.0000
  2.4865	  6.9934	  2.7175	  0.3313	  1.0000
  2.8492	  6.9934	  1.4426	 -0.2539	  1.0000
  3.2118	  6.9934	  0.1179	 -0.2272	  1.0000
  3.5744	  6.9934	 -1.2386	  0.2920	  1.0000
  3.9370	  6.9934	 -2.0805	  0.0310	  1.0000
  4.2996	  6.9934	 -9.5252	  2.7901	  0.0000
  4.6622	  6.9934	 -4.6217	  9.9725	  0.0000
  5.0249	  6.9934	 -0.8444	 -0.1473	  1.0000
  5.3875	  6.9934	  0.4986	  0.3838	  1.0000
  5.7501	  6.9934	  1.6801	  0.2632	  1.0000
  6.1127	  6.9934	  8.3390	  3.3250	  0.0000
  6.4753	  6.9934	  0.9991	 -0.5249	  0.0000
  6.8380	  6.9934	  7.5671	  7.6321	  0.0000
  7.2006	  6.9934	  1.7495	  0.6111	  1.0000
  7.5632	  6.9934	  0.1861	 -0.0143	  0.0000
  7.9258	  6.9934	  0.1366	 -0.1694	  0.0000
  8.2884	  6.9934	  0.1394	 -0.1911	  0.0000
  8.6511	  6.9934	 -7.5444	 -7.6146	  0.0000
  9.0137	  6.9934	 -1.4683	  1.0679	  1.0000
  0.3108	  6.6308	  2.2411	  1.8005	  1.0000
  0.6734	  6.6308	  1.6681	  7.6694	  0.0000
  1.0361	  6.6308	  0.1095	  0.0710	  0.0000
  1.3987	  6.6308	  3.6601	  1.6464	  1.0000
  1.7613	  6.6308	 -0.0456	  2.1592	  0.0000
  2.1239	  6.6308	  7.6495	  5.2926	  0.0000
  2.4865	  6.6308	  4.8073	  4.3745	  0.0000
  2.8492	  6.6308	  1.9950	  0.5652	  1.0000
  3.2118	  6.6308	  0.6411	  0.1518	  1.0000
  3.5744	  6.6308	 -0.6724	  0.3826	  1.0000
  3.9370	  6.6308	 -1.4432	  0.0269	  1.0000
  4.2996	  6.6308	-10.5417	  4.7918	  0.0000
  4.6622	  6.6308	 -1.3557	  3.6441	  0.0000
  5.0249	  6.6308	 -0.3985	 -0.2450	  1.0000
  5.3875	  6.6308	  0.7954	  0.1512	  1.0000
  5.7501	  6.6308	  2.0365	  0.1474	  1.0000
  6.1127	  6.6308	 -6.7083	 -4.0553	  0.0000
  6.4753	  6.6308	  2.7870	  0.5122	  1.0000
  6.8380	  6.6308	 13.2164	  5.6455	  0.0000
  7.2006	  6.6308	  2.0722	  0.8170	  1.0000
  7.5632	  6.6308	  0.1559	  0.0815	  0.0000
  7.9258	  6.6308	  0.3422	  1.0549	  1.0000
  8.2884	  6.6308	 -5.6644	 10.2319	  0.0000
  8.6511	  6.6308	 -0.6123	  1.3884	  1.0000
  9.0137	  6.6308	 -1.0334	  1.0757	  1.0000
  0.3108	  6.2681	  2.4832	  2.4825	  1.0000
  0.6734	  6.2681	  2.8863	  2.6706	  1.0000
  1.0361	  6.2681	  2.0442	  6.3058	  0.0000
  1.3987	  6.2681	  3.7541	  2.4722	  1.0000
  1.7613	  6.2681	  3.7620	  2.3264	  1.0000
  2.1239	  6.2681	 10.4042	 -7.5369	  0.0000
  2.4865	  6.2681	 12.6152	 -7.5331	  0.0000
  2.8492	  6.2681	 -6.2259	 -7.5920	  0.0000
  3.2118	  6.2681	  0.5360	  1.3826	  1.0000
  3.5744	  6.2681	 -0.7518	  1.1721	  1.0000
  3.9370	  6.2681	-12.3136	 -7.8871	  0.0000
  4.2996	  6.2681	 -1.3037	  0.5911	  1.0000
  4.6622	  6.2681	 -1.1783	  0.4198	  1.0000
  5.0249	  6.2681	 -0.5360	  3.5849	  0.0000
  5.3875	  6.2681	  0.6746	  0.3385	  1.0000
  5.7501	  6.2681	  1.9718	  0.1238	  1.0000
  6.1127	  6.2681	 14.3755	-10.7934	  0.0000
  6.4753	  6.2681	  7.6852	  7.6999	  0.0000
  6.8380	  6.2681	  0.0307	  0.3020	  0.0000
  7.2006	  6.2681	  2.2642	  0.6163	  1.0000
  7.5632	  6.2681	  0.0946	  0.1088	  0.0000
  7.9258	  6.2681	  0.5222	  1.0850	  1.0000
  8.2884	  6.2681	  0.0895	  1.2670	  1.0000
  8.6511	  6.2681	 -0.3815	  1.4874	  1.0000
  9.0137	  6.2681	 -1.0163	  1.5339	  1.0000
  0.3108	  5.9055	  2.1378	  2.8159	  1.0000
  0.6734	  5.9055	  2.5294	  2.9688	  1.0000
  1.0361	  5.9055	 10.9039	-10.5203	  0.0000
  1.3987	  5.9055	  3.3952	  2.8326	  1.0000
  1.7613	  5.9055	  3.8307	  2.6724	  1.0000
  2.1239	  5.9055	  3.6682	  2.3137	  1.0000
  2.4865	  5.9055	  2.9927	  2.3434	  1.0000
  2.8492	  5.9055	  2.2021	  1.5700	  1.0000
  3.2118	  5.9055	  0.9407	  1.2549	  1.0000
  3.5744	  5.9055	 -0.1560	  0.9736	  1.0000
  3.9370	  5.9055	 -0.8119	  0.4764	  1.0000
  4.2996	  5.9055	 -0.7589	  0.2763	  1.0000
  4.6622	  5.9055	 -0.6379	  0.0512	  1.0000
  5.0249	  5.9055	  5.5480	-10.9267	  0.0000
  5.3875	  5.9055	  0.9588	  0.3575	  1.0000
  5.7501	  5.9055	  2.0356	  0.1786	  1.0000
  6.1127	  5.9055	  2.8521	 -0.0917	  1.0000
  6.4753	  5.9055	  2.9850	 -1.1558	  0.0000
  6.8380	  5.9055	-12.8741	 -9.1685	  0.0000
  7.2006	  5.9055	  2.3089	  0.3797	  1.0000
  7.5632	  5.9055	  0.4183	 -0.0021	  0.0000
  7.9258	  5.9055	  0.7482	  0.8420	  1.0000
  8.2884	  5.9055	  0.4056	  0.9621	  1.0000
  8.6511	  5.9055	 -0.2158	  1.3915	  1.0000
  9.0137	  5.9055	 -0.7502	  1.4526	  1.0000
  0.3108	  5.5429	 -4.4185	  7.6683	  0.0000
  0.6734	  5.5429	  2.1887	  3.3710	  1.0000
  1.0361	  5.5429	  2.6898	  3.4419	  1.0000
  1.3987	  5.5429	  3.0444	  3.4177	  1.0000
  1.7613	  5.5429	  7.6254	  7.6796	  0.0000
  2.1239	  5.5429	  7.7053	  5.6114	  0.0000
  2.4865	  5.5429	  2.7686	  3.2412	  1.0000
  2.8492	  5.5429	  9.1188	  4.6843	  0.0000
  3.2118	  5.5429	  1.3289	  2.1352	  1.0000
  3.5744	  5.5429	  0.4022	  1.5240	  1.0000
  3.9370	  5.5429	 -0.0846	  0.9510	  1.0000
  4.2996	  5.5429	 -2.6705	 -7.5357	  0.0000
  4.6622	  5.5429	  0.3159	  0.2100	  1.0000
  5.0249	  5.5429	  0.7435	 -0.1321	  1.0000
  5.3875	  5.5429	  7.5230	  2.7652	  0.0000
  5.7501	  5.5429	  2.2052	 -0.0106	  1.0000
  6.1127	  5.5429	  3.2155	  2.1483	  0.0000
  6.4753	  5.5429	  2.9217	  0.1768	  1.0000
  6.8380	  5.5429	  7.6852	 -4.2904	  0.0000
  7.2006	  5.5429	  2.3135	  0.0127	  1.0000
  7.5632	  5.5429	  4.5059	 13.0228	  0.0000
  7.9258	  5.5429	  1.2511	  0.9252	  1.0000
  8.2884	  5.5429	  0.1923	  0.1915	  0.0000
  8.6511	  5.5429	  0.0928	  0.0822	  0.0000
  9.0137	  5.5429	  0.3106	  1.8110	  1.0000
  0.3108	  5.1803	  1.9312	  3.7610	  1.0000
  0.6734	  5.1803	  7.9528	 10.0275	  0.0000
  1.0361	  5.1803	  2.0345	  6.2049	  0.0000
  1.3987	  5.1803	  2.3381	  3.7548	  1.0000
  1.7613	  5.1803	  7.4156	  5.8172	  0.0000
  2.1239	  5.1803	  2.2946	  9.2791	  0.0000
  2.4865	  5.1803	  5.0856	  7.5428	  0.0000
  2.8492	  5.1803	 -7.8967	 14.9823	  0.0000
  3.2118	  5.1803	  7.3132	  7.5613	  0.0000
  3.5744	  5.1803	  0.6460	  2.1315	  1.0000
  3.9370	  5.1803	  0.3767	  1.6835	  1.0000
  4.2996	  5.1803	 -7.9569	  8.7246	  0.0000
  4.6622	  5.1803	 -5.8225	 -7.6355	  0.0000
  5.0249	  5.1803	  1.4048	  0.6626	  1.0000
  5.3875	  5.1803	  2.0714	  0.8800	  1.0000
  5.7501	  5.1803	  3.5810	  3.4668	  0.0000
  6.1127	  5.1803	  2.7917	  2.6951	  0.0000
  6.4753	  5.1803	  2.8024	  0.3115	  1.0000
  6.8380	  5.1803	  2.5368	  0.1424	  1.0000
  7.2006	  5.1803	  2.3664	 -0.2132	  1.0000
  7.5632	  5.1803	  7.5867	 -5.3856	  0.0000
  7.9258	  5.1803	  0.2058	  0.2241	  0.0000
  8.2884	  5.1803	  1.3675	  0.9734	  1.0000
  8.6511	  5.1803	 -7.7695	 12.2204	  0.0000
  9.0137	  5.1803	  0.6966	  1.4349	  1.0000
  0.3108	  4.8177	-13.3225	  7.6557	  0.0000
  0.6734	  4.8177	  3.0023	  4.9407	  0.0000
  1.0361	  4.8177	  9.5065	  2.5961	  0.0000
  1.3987	  4.8177	  1.2686	  3.9976	  1.0000
  1.7613	  4.8177	  1.5795	  4.1185	  1.0000
  2.1239	  4.8177	  1.7625	  4.3251	  1.0000
  2.4865	  4.8177	  4.7859	  5.9828	  0.0000
  2.8492	  4.8177	  7.6875	  5.9278	  0.0000
  3.2118	  4.8177	  1.3546	  3.2985	  1.0000
  3.5744	  4.8177	 -0.0410	 -4.7890	  0.0000
  3.9370	  4.8177	  4.7503	-13.6586	  0.0000
  4.2996	  4.8177	  1.7258	  1.1165	  1.0000
  4.6622	  4.8177	  1.6644	  0.7944	  1.0000
  5.0249	  4.8177	  2.2004	  1.0527	  1.0000
  5.3875	  4.8177	  2.3339	  0.8633	  1.0000
  5.7501	  4.8177	  2.2574	  0.5917	  1.0000
  6.1127	  4.8177	  2.5743	  0.2809	  1.0000
  6.4753	  4.8177	  2.1393	  0.3726	  1.0000
  6.8380	  4.8177	  0.9127	  0.8927	  0.0000
  7.2006	  4.8177	  9.9213	 -9.2835	  0.0000
  7.5632	  4.8177	  1.0856	  0.1259	  1.0000
  7.9258	  4.8177	  0.7721	  0.3949	  1.0000
  8.2884	  4.8177	  1.0287	  0.5296	  1.0000
  8.6511	  4.8177	  0.6672	  1.0064	  1.0000
  9.0137	  4.8177	  0.8532	  1.1079	  1.0000
  0.3108	  4.4550	  0.4504	  3.9488	  1.0000
  0.6734	  4.4550	  0.0117	 -7.6170	  0.0000
  1.0361	  4.4550	  0.5884	  4.3436	  1.0000
  1.3987	  4.4550	  2.2111	  6.9881	  0.0000
  1.7613	  4.4550	 -7.9468	 -0.9739	  0.0000
  2.1239	  4.4550	  1.1253	  4.6824	  1.0000
  2.4865	  4.4550	  0.7323	  4.2985	  1.0000
  2.8492	  4.4550	-11.1238	  7.8269	  0.0000
  3.2118	  4.4550	  6.0796	  7.5052	  0.0000
  3.5744	  4.4550	  7.6952	  3.9154	  0.0000
  3.9370	  4.4550	  3.7618	  5.8718	  0.0000
  4.2996	  4.4550	  1.8281	  1.9285	  1.0000
  4.6622	  4.4550	  1.7583	  1.6842	  1.0000
  5.0249	  4.4550	  2.5342	  1.9730	  1.0000
  5.3875	  4.4550	  2.4287	  1.6975	  1.0000
  5.7501	  4.4550	  4.1043	  2.8781	  0.0000
  6.1127	  4.4550	  2.8343	  0.9496	  1.0000
  6.4753	  4.4550	  2.4569	  0.7192	  1.0000
  6.8380	  4.4550	  1.8054	  0.5454	  1.0000
  7.2006	  4.4550	  1.6857	 -0.1334	  1.0000
  7.5632	  4.4550	  0.5561	  2.2513	  0.0000
  7.9258	  4.4550	  1.1606	  0.4266	  1.0000
  8.2884	  4.4550	  5.9854	-11.7605	  0.0000
  8.6511	  4.4550	 11.2768	 11.6276	  0.0000
  9.0137	  4.4550	  0.8705	  1.0978	  1.0000
  0.3108	  4.0924	  0.0945	  4.4719	  1.0000
  0.6734	  4.0924	 -0.2024	  4.4514	  1.0000
  1.0361	  4.0924	 -0.0819	  4.5220	  1.0000
  1.3987	  4.0924	  2.6521	  7.1312	  0.0000
  1.7613	  4.0924	-15.1461	  7.8331	  0.0000
  2.1239	  4.0924	 -0.0671	  4.1895	  1.0000
  2.4865	  4.0924	 -0.7049	  3.3599	  1.0000
  2.8492	  4.0924	  0.0403	  2.9954	  1.0000
  3.2118	  4.0924	  0.4474	  2.9818	  1.0000
  3.5744	  4.0924	  0.5357	  2.4548	  1.0000
  3.9370	  4.0924	 -1.4849	  9.3997	  0.0000
  4.2996	  4.0924	  5.0043	  5.5047	  0.0000
  4.6622	  4.0924	  1.5419	 14.6316	  0.0000
  5.0249	  4.0924	  3.6444	  4.3974	  0.0000
  5.3875	  4.0924	  1.8982	  2.3235	  1.0000
  5.7501	  4.0924	  1.6771	  1.9891	  1.0000
  6.1127	  4.0924	  1.9595	  1.3756	  1.0000
  6.4753	  4.0924	  1.6657	  0.6506	  1.0000
  6.8380	  4.0924	  1.2776	  0.3026	  1.0000
  7.2006	  4.0924	  0.8670	  1.3292	  0.0000
  7.5632	  4.0924	  1.0162	 -0.2704	  1.0000
  7.9258	  4.0924	  0.8579	 -0.0776	  1.0000
  8.2884	  4.0924	  1.0156	 -0.4127	  1.0000
  8.6511	  4.0924	 -0.0457	  0.0522	  0.0000
  9.0137	  4.0924	  0.8677	  0.5695	  1.0000
  0.3108	  3.7298	 -0.1836	  3.4379	  1.0000
  0.6734	  3.7298	 -0.6127	  3.6745	  1.0000
  1.0361	  3.7298	-14.2460	 -9.2350	  0.0000
  1.3987	  3.7298	 -0.3214	  3.7967	  1.0000
  1.7613	  3.7298	 -0.7568	  3.2544	  1.0000
  2.1239	  3.7298	 -0.3164	  3.4402	  1.0000
  2.4865	  3.7298	  3.3728	  6.8578	  0.0000
  2.8492	  3.7298	 -0.2865	  2.3578	  1.0000
  3.2118	  3.7298	  3.7837	  6.9128	  0.0000
  3.5744	  3.7298	-14.1151	-11.8788	  0.0000
  3.9370	  3.7298	  6.4972	  4.5047	  0.0000
  4.2996	  3.7298	  1.5346	  1.7877	  1.0000
  4.6622	  3.7298	  7.2407	 -4.8842	  0.0000
  5.0249	  3.7298	  2.4321	  2.3981	  1.0000
  5.3875	  3.7298	 14.3403	 -7.4960	  0.0000
  5.7501	  3.7298	  3.1954	  7.6886	  0.0000
  6.1127	  3.7298	  1.3635	  1.2637	  1.0000
  6.4753	  3.7298	  0.9354	  0.5631	  1.0000
  6.8380	  3.7298	 -7.7540	  8.9592	  0.0000
  7.2006	  3.7298	  0.4927	 -0.7492	  1.0000
  7.5632	  3.7298	-15.1386	 -5.6716	  0.0000
  7.9258	  3.7298	  0.3700	 -0.8441	  1.0000
  8.2884	  3.7298	  0.8322	 -1.1256	  1.0000
  8.6511	  3.7298	  0.5037	 -0.7299	  1.0000
  9.0137	  3.7298	 -0.1663	  0.3545	  0.0000
  0.3108	  3.3672	  7.1764	  7.8354	  0.0000
  0.6734	  3.3672	 -0.7273	  3.5271	  1.0000
  1.0361	  3.3672	 -0.6190	  3.4956	  1.0000
  1.3987	  3.3672	 -0.5626	  3.5217	  1.0000
  1.7613	  3.3672	  7.6943	  6.8572	  0.0000
  2.1239	  3.3672	 -0.7585	  2.9911	  1.0000
  2.4865	  3.3672	 -1.3144	  2.4308	  1.0000
  2.8492	  3.3672	 -0.4981	  2.3144	  1.0000
  3.2118	  3.3672	  0.2040	  2.0686	  1.0000
  3.5744	  3.3672	-15.1864	  3.4652	  0.0000
  3.9370	  3.3672	  7.1579	  7.8121	  0.0000
  4.2996	  3.3672	  3.7497	  6.0472	  0.0000
  4.6622	  3.3672	  1.1511	  2.2885	  1.0000
  5.0249	  3.3672	  1.9658	  2.7540	  1.0000
  5.3875	  3.3672	  3.8533	  4.7506	  0.0000
  5.7501	  3.3672	  1.1960	  2.3457	  1.0000
  6.1127	  3.3672	  1.1273	  1.7944	  1.0000
  6.4753	  3.3672	  0.8105	  0.9985	  1.0000
  6.8380	  3.3672	  0.5358	  0.4581	  1.0000
  7.2006	  3.3672	  7.8862	 -8.6558	  0.0000
  7.5632	  3.3672	  0.8440	 -0.9096	  1.0000
  7.9258	  3.3672	  0.4785	 -1.2432	  1.0000
  8.2884	  3.3672	 -0.1019	  0.0082	  0.0000
  8.6511	  3.3672	  0.9252	 -1.5770	  1.0000
  9.0137	  3.3672	 -2.4214	  7.6552	  0.0000
  0.3108	  3.0046	 11.0108	 12.0209	  0.0000
  0.6734	  3.0046	 -6.6679	 11.9736	  0.0000
  1.0361	  3.0046	  4.0429	 11.6847	  0.0000
  1.3987	  3.0046	-14.6278	 -3.0357	  0.0000
  1.7613	  3.0046	 -1.1714	  2.9920	  1.0000
  2.1239	  3.0046	 -0.5866	  2.4738	  1.0000
  2.4865	  3.0046	  2.2199	  6.5256	  0.0000
  2.8492	  3.0046	-12.1252	 -6.8879	  0.0000
  3.2118	  3.0046	  1.0876	 -7.6406	  0.0000
  3.5744	  3.0046	-10.4219	-11.8724	  0.0000
  3.9370	  3.0046	  8.5925	 -7.5543	  0.0000
  4.2996	  3.0046	  3.2606	  5.3071	  0.0000
  4.6622	  3.0046	  0.1150	  1.4941	  1.0000
  5.0249	  3.0046	 -7.6529	  7.6870	  0.0000
  5.3875	  3.0046	 -7.5880	  7.7053	  0.0000
  5.7501	  3.0046	  0.3411	  1.4706	  1.0000
  6.1127	  3.0046	  0.5867	  1.2398	  1.0000
  6.4753	  3.0046	  0.3302	  0.4586	  1.0000
  6.8380	  3.0046	  0.3492	  0.0564	  1.0000
  7.2006	  3.0046	  0.3960	 -0.6763	  1.0000
  7.5632	  3.0046	  0.6944	 -1.5668	  1.0000
  7.9258	  3.0046	  0.4529	 -2.0676	  1.0000
  8.2884	  3.0046	  0.8049	 -2.1377	  1.0000
  8.6511	  3.0046	  0.7947	 -2.2974	  1.0000
  9.0137	  3.0046	  1.3089	 -2.3403	  1.0000
  0.3108	  2.6419	 -0.2640	  2.6830	  1.0000
  0.6734	  2.6419	  0.3251	 -7.6433	  0.0000
  1.0361	  2.6419	  7.6313	 -3.8976	  0.0000
  1.3987	  2.6419	 -0.4995	  2.9245	  1.0000
  1.7613	  2.6419	  0.8379	  7.5757	  0.0000
  2.1239	  2.6419	 -0.5207	  1.9798	  1.0000
  2.4865	  2.6419	 -1.2459	  1.4657	  1.0000
  2.8492	  2.6419	 -0.2684	  1.6360	  1.0000
  3.2118	  2.6419	  2.0231	  6.7275	  0.0000
  3.5744	  2.6419	  0.1994	  0.8853	  1.0000
  3.9370	  2.6419	  0.1719	  0.8159	  1.0000
  4.2996	  2.6419	  0.5798	  0.8508	  1.0000
  4.6622	  2.6419	  0.1640	  1.1793	  1.0000
  5.0249	  2.6419	  0.8233	  1.4806	  1.0000
  5.3875	  2.6419	  0.6263	  1.6793	  1.0000
  5.7501	  2.6419	  3.1923	  4.7263	  0.0000
  6.1127	  2.6419	  0.4403	  1.0274	  1.0000
  6.4753	  2.6419	  0.2957	  0.2536	  1.0000
  6.8380	  2.6419	-13.1190	 -7.7778	  0.0000
  7.2006	  2.6419	  0.2740	 -1.1300	  1.0000
  7.5632	  2.6419	  0.7379	 -1.9695	  1.0000
  7.9258	  2.6419	  0.4985	 -2.5171	  1.0000
  8.2884	  2.6419	  0.8513	 -2.6335	  1.0000
  8.6511	  2.6419	  0.8313	 -2.8198	  1.0000
  9.0137	  2.6419	 -0.1067	 -7.6748	  0.0000
  0.3108	  2.2793	  0.7483	  2.5495	  1.0000
  0.6734	  2.2793	  0.4258	  2.7444	  1.0000
  1.0361	  2.2793	  0.1350	  2.5789	  1.0000
  1.3987	  2.2793	 -4.4733	  3.5361	  0.0000
  1.7613	  2.2793	  0.0578	  6.1743	  0.0000
  2.1239	  2.2793	  0.1291	  1.8409	  1.0000
  2.4865	  2.2793	 -0.7527	  1.3300	  1.0000
  2.8492	  2.2793	  0.0746	  1.7578	  1.0000
  3.2118	  2.2793	 11.7303	 -7.7105	  0.0000
  3.5744	  2.2793	  0.5813	  1.2258	  1.0000
  3.9370	  2.2793	  0.4340	  1.0583	  1.0000
  4.2996	  2.2793	  0.5364	  1.3352	  1.0000
  4.6622	  2.2793	 -0.0017	  1.4061	  1.0000
  5.0249	  2.2793	  0.3474	  1.4054	  1.0000
  5.3875	  2.2793	  0.2874	  1.5955	  1.0000
  5.7501	  2.2793	  0.0326	  0.7608	  1.0000
  6.1127	  2.2793	  0.2867	  0.7127	  1.0000
  6.4753	  2.2793	 12.9683	 14.5632	  0.0000
  6.8380	  2.2793	  1.0538	 -0.7926	  1.0000
  7.2006	  2.2793	 -0.3834	  3.3439	  0.0000
  7.5632	  2.2793	  1.5819	 -2.2515	  1.0000
  7.9258	  2.2793	  1.3224	 -2.8077	  1.0000
  8.2884	  2.2793	  1.5602	 -2.7349	  1.0000
  8.6511	  2.2793	 12.0880	-14.4226	  0.0000
  9.0137	  2.2793	  0.0365	  0.1075	  0.0000
  0.3108	  1.9167	  3.9280	  7.7850	  0.0000
  0.6734	  1.9167	 -0.4117	  9.6383	  0.0000
  1.0361	  1.9167	  0.3630	  1.6065	  1.0000
  1.3987	  1.9167	  0.0800	  1.4879	  1.0000
  1.7613	  1.9167	 -0.6135	  1.1183	  1.0000
  2.1239	  1.9167	  0.0681	  1.0968	  1.0000
  2.4865	  1.9167	  1.5797	  6.1604	  0.0000
  2.8492	  1.9167	  0.1329	  1.0776	  1.0000
  3.2118	  1.9167	  0.5365	  1.0635	  1.0000
  3.5744	  1.9167	  0.8864	  5.6279	  0.0000
  3.9370	  1.9167	  0.5127	  0.8738	  1.0000
  4.2996	  1.9167	  0.5159	  1.0411	  1.0000
  4.6622	  1.9167	-14.6711	-14.3242	  0.0000
  5.0249	  1.9167	 -0.0233	  0.8828	  1.0000
  5.3875	  1.9167	-10.6930	 -9.3398	  0.0000
  5.7501	  1.9167	 -0.1006	  0.4556	  1.0000
  6.1127	  1.9167	  1.0057	  4.3923	  0.0000
  6.4753	  1.9167	  0.5812	  0.0849	  1.0000
  6.8380	  1.9167	  6.4747	-14.1402	  0.0000
  7.2006	  1.9167	  1.1376	 -1.4046	  1.0000
  7.5632	  1.9167	 -0.4533	  1.0633	  0.0000
  7.9258	  1.9167	  1.6616	 -3.0899	  1.0000
  8.2884	  1.9167	  1.8984	 -3.2007	  1.0000
  8.6511	  1.9167	  7.7612	 -7.7424	  0.0000
  9.0137	  1.9167	  2.2104	 -4.0962	  1.0000
  0.3108	  1.5541	  0.2070	 -0.4133	  0.0000
  0.6734	  1.5541	  1.2725	  0.2704	  1.0000
  1.0361	  1.5541	  2.5954	  7.5911	  0.0000
  1.3987	  1.5541	 -3.1684	-11.8499	  0.0000
  1.7613	  1.5541	-10.8280	  0.0358	  0.0000
  2.1239	  1.5541	 -9.0610	  2.7733	  0.0000
  2.4865	  1.5541	  0.5078	  1.1111	  1.0000
  2.8492	  1.5541	  0.7379	  1.7949	  1.0000
  3.2118	  1.5541	  7.6752	  7.7783	  0.0000
  3.5744	  1.5541	  0.7896	  1.8422	  1.0000
  3.9370	  1.5541	  1.6073	  5.7116	  0.0000
  4.2996	  1.5541	  0.9418	  1.9990	  1.0000
  4.6622	  1.5541	  0.4515	  1.6743	  1.0000
  5.0249	  1.5541	  0.2722	  1.2432	  1.0000
  5.3875	  1.5541	  7.6129	  6.6622	  0.0000
  5.7501	  1.5541	  1.7230	  6.3066	  0.0000
  6.1127	  1.5541	 -7.6817	 -7.9579	  0.0000
  6.4753	  1.5541	  1.1421	 -0.2757	  1.0000
  6.8380	  1.5541	  1.4200	 -1.1667	  1.0000
  7.2006	  1.5541	  1.5173	 -1.4871	  1.0000
  7.5632	  1.5541	  2.0417	 -2.2292	  1.0000
  7.9258	  1.5541	  1.7730	 -2.8809	  1.0000
  8.2884	  1.5541	  2.1258	 -2.9108	  1.0000
  8.6511	  1.5541	 -1.9118	 -7.3348	  0.0000
  9.0137	  1.5541	  0.0538	  0.3211	  0.0000
  0.3108	  1.1915	  1.3891	  0.5064	  1.0000
  0.6734	  1.1915	  0.2201	  0.0560	  0.0000
  1.0361	  1.1915	  9.0620	  4.7420	  0.0000
  1.3987	  1.1915	  1.8863	 -7.7021	  0.0000
  1.7613	  1.1915	  0.3188	  0.3125	  1.0000
  2.1239	  1.1915	  0.8958	  0.5024	  1.0000
  2.4865	  1.1915	  0.6063	  0.7615	  1.0000
  2.8492	  1.1915	  0.8742	  1.6512	  1.0000
  3.2118	  1.1915	  7.8768	 11.5473	  0.0000
  3.5744	  1.1915	  0.9379	  1.9056	  1.0000
  3.9370	  1.1915	  1.2891	  5.5173	  0.0000
  4.2996	  1.1915	  1.0006	  2.0657	  1.0000
  4.6622	  1.1915	 12.2311	 -2.0749	  0.0000
  5.0249	  1.1915	 -4.9737	 -8.1839	  0.0000
  5.3875	  1.1915	  1.1089	  4.5242	  0.0000
  5.7501	  1.1915	  0.8765	  0.1772	  1.0000
  6.1127	  1.1915	  1.1174	  0.1783	  1.0000
  6.4753	  1.1915	  1.5574	 -0.2377	  1.0000
  6.8380	  1.1915	  1.9129	 -1.1531	  1.0000
  7.2006	  1.1915	  2.0894	 -1.3435	  1.0000
  7.5632	  1.1915	  2.7124	 -2.1072	  1.0000
  7.9258	  1.1915	  7.9623	-13.9680	  0.0000
  8.2884	  1.1915	  0.0264	  0.2868	  0.0000
  8.6511	  1.1915	  0.1690	  0.4166	  0.0000
  9.0137	  1.1915	  0.3509	  0.5244	  0.0000
  0.3108	  0.8288	  7.8397	 -1.9723	  0.0000
  0.6734	  0.8288	  1.5510	 -0.4545	  1.0000
  1.0361	  0.8288	  1.2137	 -0.2673	  1.0000
  1.3987	  0.8288	  0.7781	 -0.3390	  1.0000
  1.7613	  0.8288	  2.9857	 -1.9340	  0.0000
  2.1239	  0.8288	  4.9973	 -7.0741	  0.0000
  2.4865	  0.8288	-12.5119	 -9.7637	  0.0000
  2.8492	  0.8288	  0.6988	  1.8334	  1.0000
  3.2118	  0.8288	  0.7657	  2.5543	  1.0000
  3.5744	  0.8288	  0.8038	  2.2952	  1.0000
  3.9370	  0.8288	  0.9399	  2.4965	  1.0000
  4.2996	  0.8288	  0.8365	  2.4859	  1.0000
  4.6622	  0.8288	  0.4809	  1.8727	  1.0000
  5.0249	  0.8288	  0.2676	  1.2572	  1.0000
  5.3875	  0.8288	  0.5981	  0.3713	  1.0000
  5.7501	  0.8288	  0.6918	 -0.3048	  1.0000
  6.1127	  0.8288	  0.9704	 -0.3582	  1.0000
  6.4753	  0.8288	  1.4166	 -0.6963	  1.0000
  6.8380	  0.8288	  2.0805	  7.8831	  0.0000
  7.2006	  0.8288	  1.9217	 -1.7707	  1.0000
  7.5632	  0.8288	  2.3127	 -2.2597	  1.0000
  7.9258	  0.8288	  2.3082	 -2.5252	  1.0000
  8.2884	  0.8288	 -0.0401	  0.1389	  0.0000
  8.6511	  0.8288	  2.5253	 -2.8520	  1.0000
  9.0137	  0.8288	 12.2792	-13.4333	  0.0000
  0.3108	  0.4662	  0.2948	 -0.0157	  0.0000
  0.6734	  0.4662	  0.1445	 -0.0496	  0.0000
  1.0361	  0.4662	  3.8898	 -7.7307	  0.0000
  1.3987	  0.4662	  0.8327	 -1.4467	  1.0000
  1.7613	  0.4662	 12.7751	 -9.5813	  0.0000
  2.1239	  0.4662	  0.1238	  7.2963	  0.0000
  2.4865	  0.4662	  0.5834	  0.2757	  1.0000
  2.8492	  0.4662	  0.7984	  1.8079	  1.0000
  3.2118	  0.4662	  0.8039	  2.7279	  1.0000
  3.5744	  0.4662	 -0.1162	  5.4641	  0.0000
  3.9370	  0.4662	  2.0302	  6.1755	  0.0000
  4.2996	  0.4662	  0.8260	  5.6944	  0.0000
  4.6622	  0.4662	  0.8094	  5.7024	  0.0000
  5.0249	  0.4662	  1.5912	  7.6153	  0.0000
  5.3875	  0.4662	  2.1350	  7.6281	  0.0000
  5.7501	  0.4662	  1.5791	  0.7345	  1.0000
  6.1127	  0.4662	  1.3748	  0.1957	  1.0000
  6.4753	  0.4662	 14.5649	-13.1922	  0.0000
  6.8380	  0.4662	 -4.1922	 -1.1145	  0.0000
  7.2006	  0.4662	  1.9657	 -1.6186	  1.0000
  7.5632	  0.4662	  2.2132	 -1.7965	  1.0000
  7.9258	  0.4662	  0.0512	  0.5570	  0.0000
  8.2884	  0.4662	  3.7635	  7.7645	  0.0000
  8.6511	  0.4662	  2.3971	 -2.5481	  1.0000
  9.0137	  0.4662	  2.2678	 -2.5789	  1.0000
