# x	y	u	v	mask
  0.3108	  6.9934	 12.5821	  7.6718	  0.0000
  0.6734	  6.9934	  2.6594	  1.1031	  1.0000
  1.0361	  6.9934	 -0.2132	  5.7160	  0.0000
  1.3987	  6.9934	 -0.2742	 -0.9015	  0.0000
  1.7613	  6.9934	 -0.0375	 -1.9113	  0.0000
  2.1239	  6.9934	  0.0860	 -2.5182	  0.0000
  2.4865	  6.9934	  0.4086	 -0.1850	  1.0000
  2.8492	  6.9934	  0.2573	 -0.5190	  1.0000
  3.2118	  6.9934	  0.3854	 -1.5921	  1.0000
  3.5744	  6.9934	 11.3994	 -0.5531	  0.0000
  3.9370	  6.9934	  0.1165	 -2.3078	  1.0000
  4.2996	  6.9934	  0.0341	 -2.5467	  1.0000
  4.6622	  6.9934	 -0.1268	 -2.5039	  1.0000
  5.0249	  6.9934	 -0.0772	 -1.9419	  1.0000
  5.3875	  6.9934	 -1.2146	 -1.0738	  0.0000
  5.7501	  6.9934	  0.7279	 -0.0602	  1.0000
  6.1127	  6.9934	  1.7949	  0.2247	  1.0000
  6.4753	  6.9934	  0.0710	 -1.5708	  0.0000
  6.8380	  6.9934	 10.5653	  5.5680	  0.0000
  7.2006	  6.9934	  2.1570	  1.4695	  1.0000
  7.5632	  6.9934	  1.4543	  1.3138	  1.0000
  7.9258	  6.9934	 -0.1552	 -1.2432	  0.0000
  8.2884	  6.9934	 -0.3319	 -1.4355	  0.0000
  8.6511	  6.9934	 -0.7147	  0.9903	  1.0000
  9.0137	  6.9934	 -1.1085	  1.1993	  1.0000
  0.3108	  6.6308	  2.6137	  0.5890	  1.0000
  0.6734	  6.6308	  2.2387	  0.8343	  1.0000
  1.0361	  6.6308	 -0.2634	 -2.1813	  0.0000
  1.3987	  6.6308	 10.5278	 -0.6500	  0.0000
  1.7613	  6.6308	 -0.1418	 -1.3657	  0.0000
  2.1239	  6.6308	 -9.2628	  9.3006	  0.0000
  2.4865	  6.6308	  0.0173	 -0.1802	  1.0000
  2.8492	  6.6308	 -0.0587	 -0.5155	  1.0000
  3.2118	  6.6308	 -0.0321	 -1.5141	  1.0000
  3.5744	  6.6308	  0.2327	 -1.9435	  1.0000
  3.9370	  6.6308	  0.2562	 -2.4166	  1.0000
  4.2996	  6.6308	  0.1756	 -2.5839	  1.0000
  4.6622	  6.6308	  0.0319	 -2.6107	  1.0000
  5.0249	  6.6308	  0.0531	 -2.1392	  1.0000
  5.3875	  6.6308	 -1.3094	 -1.0926	  0.0000
  5.7501	  6.6308	  0.6743	 -0.4905	  1.0000
  6.1127	  6.6308	 10.3737	  8.0849	  0.0000
  6.4753	  6.6308	  1.5114	  0.5215	  1.0000
  6.8380	  6.6308	 11.4465	  4.6508	  0.0000
  7.2006	  6.6308	  1.7054	  1.2925	  1.0000
  7.5632	  6.6308	 -0.4294	 -1.1361	  0.0000
  7.9258	  6.6308	  0.6122	  1.2209	  1.0000
  8.2884	  6.6308	 -4.8568	  7.5043	  0.0000
  8.6511	  6.6308	 -0.6513	  0.9069	  1.0000
  9.0137	  6.6308	 -0.9608	  1.1574	  1.0000
  0.3108	  6.2681	  2.3851	  0.5876	  1.0000
  0.6734	  6.2681	  2.0325	  0.7873	  1.0000
  1.0361	  6.2681	  9.3942	  9.3512	  0.0000
  1.3987	  6.2681	  0.5779	  0.7213	  1.0000
  1.7613	  6.2681	  2.6646	  7.9210	  0.0000
  2.1239	  6.2681	 -0.3699	  0.2291	  1.0000
  2.4865	  6.2681	 -0.3752	 -0.0840	  1.0000
  2.8492	  6.2681	 -0.1798	 -2.1186	  0.0000
  3.2118	  6.2681	 -0.0809	 -1.4033	  1.0000
  3.5744	  6.2681	  0.0970	 -1.8059	  1.0000
  3.9370	  6.2681	  0.4375	 -2.2765	  1.0000
  4.2996	  6.2681	 13.6574	-10.7486	  0.0000
  4.6622	  6.2681	-13.7521	  9.2831	  0.0000
  5.0249	  6.2681	 -0.0329	 -2.4212	  1.0000
  5.3875	  6.2681	 -1.3179	 -1.4573	  0.0000
  5.7501	  6.2681	 -7.7167	 -7.8148	  0.0000
  6.1127	  6.2681	  0.3991	 -1.6575	  0.0000
  6.4753	  6.2681	  7.6483	  7.6847	  0.0000
  6.8380	  6.2681	  0.0394	 -1.3715	  0.0000
  7.2006	  6.2681	  7.3673	  2.6920	  0.0000
  7.5632	  6.2681	  0.7170	  1.2135	  1.0000
  7.9258	  6.2681	  0.3141	  1.3488	  1.0000
  8.2884	  6.2681	 -0.2341	  1.2924	  1.0000
  8.6511	  6.2681	 -0.7561	  1.2055	  1.0000
  9.0137	  6.2681	 -1.0683	  1.4574	  1.0000
  0.3108	  5.9055	  1.9276	  0.7617	  1.0000
  0.6734	  5.9055	  1.6409	  0.8218	  1.0000
  1.0361	  5.9055	  1.9817	 -7.6672	  0.0000
  1.3987	  5.9055	 -0.6197	 -3.1552	  0.0000
  1.7613	  5.9055	 -0.3335	  1.0131	  1.0000
  2.1239	  5.9055	 -0.4781	  0.4788	  1.0000
  2.4865	  5.9055	 -0.5204	  0.1937	  1.0000
  2.8492	  5.9055	 -0.5918	 -0.0680	  1.0000
  3.2118	  5.9055	 -0.2691	 -0.9120	  1.0000
  3.5744	  5.9055	  0.0081	 -1.5678	  1.0000
  3.9370	  5.9055	  0.3112	 -2.0197	  1.0000
  4.2996	  5.9055	 -8.8729	 -8.1769	  0.0000
  4.6622	  5.9055	 -0.1350	 -2.5575	  1.0000
  5.0249	  5.9055	 -0.1665	 -2.2434	  1.0000
  5.3875	  5.9055	 -0.1524	 -1.7754	  1.0000
  5.7501	  5.9055	 -0.1252	 -0.8561	  1.0000
  6.1127	  5.9055	  0.2138	 -0.4103	  1.0000
  6.4753	  5.9055	  0.5053	  0.0623	  1.0000
  6.8380	  5.9055	  0.6692	  0.7208	  1.0000
  7.2006	  5.9055	  0.7442	  1.0756	  1.0000
  7.5632	  5.9055	 -0.0858	 -1.3974	  0.0000
  7.9258	  5.9055	 -0.0162	  1.3555	  1.0000
  8.2884	  5.9055	 -0.5096	  1.3166	  1.0000
  8.6511	  5.9055	 -0.9615	  1.2677	  1.0000
  9.0137	  5.9055	 -1.2942	  1.5119	  1.0000
  0.3108	  5.5429	  1.8506	 -0.5348	  1.0000
  0.6734	  5.5429	 -0.4194	 -2.1626	  0.0000
  1.0361	  5.5429	 -0.5589	 -1.8092	  0.0000
  1.3987	  5.5429	  0.1647	  0.5572	  1.0000
  1.7613	  5.5429	  2.1635	  3.1731	  0.0000
  2.1239	  5.5429	 -0.4855	 -1.0901	  0.0000
  2.4865	  5.5429	-10.9238	 -2.7311	  0.0000
  2.8492	  5.5429	  0.0567	 -1.7658	  0.0000
  3.2118	  5.5429	 -0.4568	 -0.1552	  1.0000
  3.5744	  5.5429	 -0.1293	 -0.8189	  1.0000
  3.9370	  5.5429	  0.2076	 -1.4064	  1.0000
  4.2996	  5.5429	 -0.2357	 -1.7838	  1.0000
  4.6622	  5.5429	 13.8141	 -7.7857	  0.0000
  5.0249	  5.5429	 -7.6017	 -7.5826	  0.0000
  5.3875	  5.5429	 -0.4867	 -1.1287	  1.0000
  5.7501	  5.5429	 -1.6019	 -1.2440	  0.0000
  6.1127	  5.5429	 -0.5022	 -0.0604	  1.0000
  6.4753	  5.5429	 -0.2718	  0.3641	  1.0000
  6.8380	  5.5429	  0.0930	  0.9305	  1.0000
  7.2006	  5.5429	  0.2683	  1.3693	  1.0000
  7.5632	  5.5429	 -0.5101	 -1.0916	  0.0000
  7.9258	  5.5429	  0.0775	  1.5738	  1.0000
  8.2884	  5.5429	 -0.1557	 -1.2611	  0.0000
  8.6511	  5.5429	 -0.1828	 -1.2617	  0.0000
  9.0137	  5.5429	 -0.7613	  1.9522	  1.0000
  0.3108	  5.1803	  1.6743	 -0.7225	  1.0000
  0.6734	  5.1803	  0.9351	  3.6435	  0.0000
  1.0361	  5.1803	  1.2972	  0.2178	  1.0000
  1.3987	  5.1803	  0.5187	  0.3740	  1.0000
  1.7613	  5.1803	  0.0368	  0.6272	  1.0000
  2.1239	  5.1803	 -0.1089	  0.3435	  1.0000
  2.4865	  5.1803	-15.1317	  1.4638	  0.0000
  2.8492	  5.1803	 -0.6625	  0.7051	  1.0000
  3.2118	  5.1803	  0.1686	 -1.3703	  0.0000
  3.5744	  5.1803	 -0.4691	 -0.4105	  1.0000
  3.9370	  5.1803	 -0.2011	 -1.1191	  1.0000
  4.2996	  5.1803	 14.6672	 -6.6178	  0.0000
  4.6622	  5.1803	 -0.9895	 -1.6003	  1.0000
  5.0249	  5.1803	 -1.1144	 -1.5536	  1.0000
  5.3875	  5.1803	-11.2312	-12.7271	  0.0000
  5.7501	  5.1803	 -1.5598	 -1.0855	  0.0000
  6.1127	  5.1803	 -1.6666	 -1.5785	  0.0000
  6.4753	  5.1803	 -1.5243	 -1.6410	  0.0000
  6.8380	  5.1803	 -1.3408	 -0.5243	  0.0000
  7.2006	  5.1803	 -0.3684	  0.8919	  1.0000
  7.5632	  5.1803	 -0.1242	  1.2839	  1.0000
  7.9258	  5.1803	  0.0612	 -1.3227	  0.0000
  8.2884	  5.1803	 -0.0063	  1.2177	  1.0000
  8.6511	  5.1803	 -7.5735	 11.2290	  0.0000
  9.0137	  5.1803	 -0.0367	  0.9921	  1.0000
  0.3108	  4.8177	  1.2737	 -1.1594	  1.0000
  0.6734	  4.8177	 -5.5295	 12.5662	  0.0000
  1.0361	  4.8177	  1.1745	 -0.2230	  1.0000
  1.3987	  4.8177	 -0.3578	 -1.9659	  0.0000
  1.7613	  4.8177	 -0.2729	 -2.0791	  0.0000
  2.1239	  4.8177	 -7.0524	 14.4378	  0.0000
  2.4865	  4.8177	 -0.6377	  0.8390	  1.0000
  2.8492	  4.8177	 -0.4612	  1.1706	  1.0000
  3.2118	  4.8177	 -0.4139	  0.3955	  1.0000
  3.5744	  4.8177	 -0.3644	 -1.5264	  0.0000
  3.9370	  4.8177	 -0.6574	 -1.3866	  0.0000
  4.2996	  4.8177	 -0.2551	 -1.0337	  1.0000
  4.6622	  4.8177	 -0.9402	 -0.7884	  0.0000
  5.0249	  4.8177	 -0.5462	 -0.9922	  1.0000
  5.3875	  4.8177	 -1.0094	 -0.8265	  1.0000
  5.7501	  4.8177	 -1.6026	 -0.4327	  1.0000
  6.1127	  4.8177	 -1.7220	 -1.2696	  0.0000
  6.4753	  4.8177	 -1.2942	  0.5422	  1.0000
  6.8380	  4.8177	 -0.8211	  0.7885	  1.0000
  7.2006	  4.8177	 -2.0056	  0.5631	  0.0000
  7.5632	  4.8177	 -0.3113	  0.8755	  1.0000
  7.9258	  4.8177	-11.6110	  7.7318	  0.0000
  8.2884	  4.8177	  0.0220	 -0.9565	  0.0000
  8.6511	  4.8177	  0.0616	  0.6542	  1.0000
  9.0137	  4.8177	  0.0893	  0.7587	  1.0000
  0.3108	  4.4550	  1.2358	 -0.0410	  1.0000
  0.6734	  4.4550	  2.6626	 -7.7535	  0.0000
  1.0361	  4.4550	  9.5091	-12.9724	  0.0000
  1.3987	  4.4550	 -0.1591	 -1.8846	  0.0000
  1.7613	  4.4550	 -0.2378	  0.8576	  1.0000
  2.1239	  4.4550	 -0.4817	  0.3140	  1.0000
  2.4865	  4.4550	  0.0458	  7.7162	  0.0000
  2.8492	  4.4550	 -0.5126	  0.9408	  1.0000
  3.2118	  4.4550	 -0.2972	  0.3877	  1.0000
  3.5744	  4.4550	 -0.1837	  0.3629	  1.0000
  3.9370	  4.4550	 -2.1424	  8.3887	  0.0000
  4.2996	  4.4550	  9.2675	 10.4982	  0.0000
  4.6622	  4.4550	 -0.2781	 -0.3512	  1.0000
  5.0249	  4.4550	 -0.8019	 -0.9611	  0.0000
  5.3875	  4.4550	-10.9874	  4.6070	  0.0000
  5.7501	  4.4550	 -2.2231	 -0.0844	  1.0000
  6.1127	  4.4550	 -2.0955	  0.2782	  1.0000
  6.4753	  4.4550	 -7.7660	 12.6452	  0.0000
  6.8380	  4.4550	 -1.9947	 -1.1053	  0.0000
  7.2006	  4.4550	  8.1761	  8.7589	  0.0000
  7.5632	  4.4550	 -0.0107	  0.5062	  1.0000
  7.9258	  4.4550	  0.0208	  0.3815	  1.0000
  8.2884	  4.4550	  0.2059	  0.6299	  1.0000
  8.6511	  4.4550	 11.6209	 11.1422	  0.0000
  9.0137	  4.4550	 -0.0442	  0.5333	  1.0000
  0.3108	  4.0924	  7.6848	 -7.7718	  0.0000
  0.6734	  4.0924	  1.6841	  1.1312	  1.0000
  1.0361	  4.0924	  1.3427	  0.7682	  1.0000
  1.3987	  4.0924	 -0.2739	 -1.9338	  0.0000
  1.7613	  4.0924	 10.7615	 11.1619	  0.0000
  2.1239	  4.0924	  3.2644	 -7.7965	  0.0000
  2.4865	  4.0924	 -0.6097	  0.8941	  1.0000
  2.8492	  4.0924	 -0.4954	 -1.5584	  0.0000
  3.2118	  4.0924	 -0.3240	 -0.8948	  0.0000
  3.5744	  4.0924	 -4.6450	  7.5139	  0.0000
  3.9370	  4.0924	 -0.5843	  0.4526	  1.0000
  4.2996	  4.0924	 -0.9813	 -1.3625	  0.0000
  4.6622	  4.0924	 -7.8133	 -0.4070	  0.0000
  5.0249	  4.0924	 -4.9508	 -7.6914	  0.0000
  5.3875	  4.0924	 -1.5311	  0.4103	  1.0000
  5.7501	  4.0924	 -2.5495	  0.2331	  1.0000
  6.1127	  4.0924	 -5.0636	  7.7668	  0.0000
  6.4753	  4.0924	 -2.0144	  0.8724	  1.0000
  6.8380	  4.0924	 -1.5293	 -0.5998	  0.0000
  7.2006	  4.0924	-13.6110	  5.1857	  0.0000
  7.5632	  4.0924	 -0.2833	  0.5911	  1.0000
  7.9258	  4.0924	  7.7986	 -7.8145	  0.0000
  8.2884	  4.0924	  7.7093	 -7.5650	  0.0000
  8.6511	  4.0924	  0.0292	 -1.4714	  0.0000
  9.0137	  4.0924	 -0.1872	 -1.3800	  0.0000
  0.3108	  3.7298	  0.9363	  0.4354	  1.0000
  0.6734	  3.7298	  1.5678	  0.8353	  1.0000
  1.0361	  3.7298	  1.2559	  0.7047	  1.0000
  1.3987	  3.7298	 -0.1830	 -1.7835	  0.0000
  1.7613	  3.7298	  8.8139	  3.5165	  0.0000
  2.1239	  3.7298	 -0.6389	 -1.5898	  0.0000
  2.4865	  3.7298	 -8.8149	  7.0757	  0.0000
  2.8492	  3.7298	 -0.4875	  1.0056	  1.0000
  3.2118	  3.7298	 -0.5389	  0.7867	  1.0000
  3.5744	  3.7298	  7.7320	  4.1101	  0.0000
  3.9370	  3.7298	  7.5078	  5.0322	  0.0000
  4.2996	  3.7298	  8.7664	-10.8246	  0.0000
  4.6622	  3.7298	 -0.9217	  0.3303	  1.0000
  5.0249	  3.7298	 -1.6502	  0.7542	  1.0000
  5.3875	  3.7298	 -1.4520	  1.1788	  1.0000
  5.7501	  3.7298	 10.3878	  7.6917	  0.0000
  6.1127	  3.7298	 -1.8035	  1.0714	  1.0000
  6.4753	  3.7298	 -1.3938	  1.2943	  1.0000
  6.8380	  3.7298	 -1.7615	 -0.9223	  0.0000
  7.2006	  3.7298	  7.6284	 -7.6909	  0.0000
  7.5632	  3.7298	  0.3441	  0.6333	  1.0000
  7.9258	  3.7298	  0.2543	  0.1174	  1.0000
  8.2884	  3.7298	  0.0801	 -1.1106	  0.0000
  8.6511	  3.7298	  0.4448	  0.1869	  1.0000
  9.0137	  3.7298	 -0.4360	 -0.7550	  0.0000
  0.3108	  3.3672	  7.6501	  7.8818	  0.0000
  0.6734	  3.3672	  3.2997	  7.5951	  0.0000
  1.0361	  3.3672	 -6.6165	  9.5438	  0.0000
  1.3987	  3.3672	 -0.1868	 -1.7626	  0.0000
  1.7613	  3.3672	  9.4952	  7.8938	  0.0000
  2.1239	  3.3672	  2.4882	-13.0240	  0.0000
  2.4865	  3.3672	  0.4831	 -2.0914	  0.0000
  2.8492	  3.3672	-12.3256	  4.7933	  0.0000
  3.2118	  3.3672	 -4.6039	-10.8628	  0.0000
  3.5744	  3.3672	  0.0537	 -1.5615	  0.0000
  3.9370	  3.3672	 -1.2248	  0.3082	  1.0000
  4.2996	  3.3672	  9.8190	  9.3334	  0.0000
  4.6622	  3.3672	 -1.1944	  0.4984	  1.0000
  5.0249	  3.3672	 -1.8461	  1.0721	  1.0000
  5.3875	  3.3672	 -1.4874	  1.6300	  1.0000
  5.7501	  3.3672	-14.2784	 -7.5406	  0.0000
  6.1127	  3.3672	 -9.6163	 13.3170	  0.0000
  6.4753	  3.3672	 -0.9897	  1.3473	  1.0000
  6.8380	  3.3672	 -0.1652	 -6.9105	  0.0000
  7.2006	  3.3672	  8.6189	 -2.1768	  0.0000
  7.5632	  3.3672	  0.7420	  0.6420	  1.0000
  7.9258	  3.3672	  3.8399	 -7.5627	  0.0000
  8.2884	  3.3672	 -0.3793	 -1.0440	  0.0000
  8.6511	  3.3672	  0.6291	  0.3425	  1.0000
  9.0137	  3.3672	-14.5823	  7.9102	  0.0000
  0.3108	  3.0046	  0.8888	  1.6680	  1.0000
  0.6734	  3.0046	 -7.2869	 11.9386	  0.0000
  1.0361	  3.0046	  1.4336	  1.3047	  1.0000
  1.3987	  3.0046	  1.0776	  1.2777	  1.0000
  1.7613	  3.0046	  0.0486	 -2.0583	  0.0000
  2.1239	  3.0046	  0.0744	  0.6506	  1.0000
  2.4865	  3.0046	  1.7846	  7.8182	  0.0000
  2.8492	  3.0046	-12.0548	  7.9401	  0.0000
  3.2118	  3.0046	 -0.5833	  0.2177	  1.0000
  3.5744	  3.0046	 -1.0202	 -0.6853	  0.0000
  3.9370	  3.0046	-11.8782	  7.7885	  0.0000
  4.2996	  3.0046	 -1.0665	  0.1182	  1.0000
  4.6622	  3.0046	 -1.3837	 -0.1219	  1.0000
  5.0249	  3.0046	 -2.1025	  0.0207	  1.0000
  5.3875	  3.0046	 -1.6169	  0.5081	  1.0000
  5.7501	  3.0046	 -1.9027	  0.2206	  1.0000
  6.1127	  3.0046	 -1.7260	  0.9679	  0.0000
  6.4753	  3.0046	 -0.8983	  0.3219	  1.0000
  6.8380	  3.0046	 -1.3576	 -0.2298	  0.0000
  7.2006	  3.0046	-12.1085	  9.3676	  0.0000
  7.5632	  3.0046	  0.5813	  0.0460	  1.0000
  7.9258	  3.0046	  0.1728	 -0.4412	  1.0000
  8.2884	  3.0046	  0.1729	 -0.1214	  1.0000
  8.6511	  3.0046	  0.2955	  0.0335	  1.0000
  9.0137	  3.0046	  0.0977	 -0.1385	  1.0000
  0.3108	  2.6419	  0.4768	  2.0547	  1.0000
  0.6734	  2.6419	 -0.0638	 -7.6674	  0.0000
  1.0361	  2.6419	  0.8457	  1.4627	  1.0000
  1.3987	  2.6419	 -0.1956	 -2.2059	  0.0000
  1.7613	  2.6419	  0.3385	 -2.2556	  0.0000
  2.1239	  2.6419	  0.5650	  7.7970	  0.0000
  2.4865	  2.6419	 -0.1897	 -5.2857	  0.0000
  2.8492	  2.6419	  0.0564	 -1.9630	  0.0000
  3.2118	  2.6419	 -0.5608	  0.4738	  1.0000
  3.5744	  2.6419	 10.0046	 -7.5217	  0.0000
  3.9370	  2.6419	-11.5134	-11.8092	  0.0000
  4.2996	  2.6419	 -0.7478	  0.2810	  1.0000
  4.6622	  2.6419	 -1.2462	 -0.1416	  1.0000
  5.0249	  2.6419	 -1.7800	 -0.1204	  1.0000
  5.3875	  2.6419	 -1.2251	  0.3336	  1.0000
  5.7501	  2.6419	 -1.2054	  0.1332	  1.0000
  6.1127	  2.6419	 -1.1371	 -0.6780	  0.0000
  6.4753	  2.6419	  6.0192	 11.5472	  0.0000
  6.8380	  2.6419	  7.0464	 -6.7376	  0.0000
  7.2006	  2.6419	  0.6784	  0.5383	  1.0000
  7.5632	  2.6419	  0.9998	  0.3616	  1.0000
  7.9258	  2.6419	  5.6103	  7.7890	  0.0000
  8.2884	  2.6419	  0.2224	 -0.0036	  1.0000
  8.6511	  2.6419	 -0.0894	  0.3063	  1.0000
  9.0137	  2.6419	 -0.4723	 -1.6311	  0.0000
  0.3108	  2.2793	  0.7609	  1.7929	  1.0000
  0.6734	  2.2793	  0.9311	  1.4134	  1.0000
  1.0361	  2.2793	  0.8897	  1.1188	  1.0000
  1.3987	  2.2793	 -0.0349	 -1.5871	  0.0000
  1.7613	  2.2793	 -0.0409	  1.0684	  1.0000
  2.1239	  2.2793	 -0.0114	  0.7114	  1.0000
  2.4865	  2.2793	 -0.2837	 -1.4465	  0.0000
  2.8492	  2.2793	 -0.7812	  0.2679	  1.0000
  3.2118	  2.2793	 -0.8835	  0.6153	  1.0000
  3.5744	  2.2793	 -0.4570	 -1.2438	  0.0000
  3.9370	  2.2793	 -1.3925	  0.3862	  1.0000
  4.2996	  2.2793	 -0.3869	 -0.4648	  0.0000
  4.6622	  2.2793	-12.6173	  2.9352	  0.0000
  5.0249	  2.2793	 -1.6928	 -0.5995	  1.0000
  5.3875	  2.2793	 -0.9718	 -0.1311	  1.0000
  5.7501	  2.2793	 -0.6620	 -0.5716	  0.0000
  6.1127	  2.2793	  1.9457	  6.3533	  0.0000
  6.4753	  2.2793	  4.7622	  9.2115	  0.0000
  6.8380	  2.2793	 -1.6366	 -0.5746	  0.0000
  7.2006	  2.2793	  4.1891	-12.6985	  0.0000
  7.5632	  2.2793	  0.9085	  0.4096	  1.0000
  7.9258	  2.2793	  0.0550	 -1.0633	  0.0000
  8.2884	  2.2793	 -4.9874	 14.4824	  0.0000
  8.6511	  2.2793	 -0.1166	  0.2661	  1.0000
  9.0137	  2.2793	 -0.1716	 -0.9289	  0.0000
  0.3108	  1.9167	  4.1823	  7.7803	  0.0000
  0.6734	  1.9167	 -0.7566	  7.7164	  0.0000
  1.0361	  1.9167	  1.7930	 -0.0200	  0.0000
  1.3987	  1.9167	  1.0204	  0.7871	  1.0000
  1.7613	  1.9167	  0.3347	  1.1167	  1.0000
  2.1239	  1.9167	  0.3394	  1.2480	  1.0000
  2.4865	  1.9167	  0.0663	  1.0541	  1.0000
  2.8492	  1.9167	 -0.8223	  0.9348	  1.0000
  3.2118	  1.9167	  7.7638	  7.8482	  0.0000
  3.5744	  1.9167	 -6.4630	  7.5975	  0.0000
  3.9370	  1.9167	 -0.3886	 -1.1563	  0.0000
  4.2996	  1.9167	 -1.0906	  0.4629	  1.0000
  4.6622	  1.9167	 -1.5682	 -0.3378	  1.0000
  5.0249	  1.9167	 -1.4102	 -0.8082	  1.0000
  5.3875	  1.9167	 -0.7203	 -0.4530	  1.0000
  5.7501	  1.9167	 -3.9105	-13.6106	  0.0000
  6.1127	  1.9167	-12.5533	-14.1085	  0.0000
  6.4753	  1.9167	  0.2959	 -0.2244	  1.0000
  6.8380	  1.9167	  0.6186	 -0.3474	  1.0000
  7.2006	  1.9167	  0.9131	  0.3334	  1.0000
  7.5632	  1.9167	  0.7004	  0.5622	  1.0000
  7.9258	  1.9167	  0.4882	  0.0889	  1.0000
  8.2884	  1.9167	  0.1307	  0.0813	  1.0000
  8.6511	  1.9167	  0.1769	  0.1651	  1.0000
  9.0137	  1.9167	 -0.4174	 -1.4887	  0.0000
  0.3108	  1.5541	 -2.0595	-10.9133	  0.0000
  0.6734	  1.5541	  1.5856	  0.2353	  1.0000
  1.0361	  1.5541	  2.9465	  7.7534	  0.0000
  1.3987	  1.5541	 -3.1526	  7.4172	  0.0000
  1.7613	  1.5541	  0.5362	  0.9389	  1.0000
  2.1239	  1.5541	  0.2654	 -1.5659	  0.0000
  2.4865	  1.5541	 -0.0427	  1.3887	  1.0000
  2.8492	  1.5541	 -0.4971	  1.3038	  1.0000
  3.2118	  1.5541	 -0.5861	  1.4708	  1.0000
  3.5744	  1.5541	 -0.8602	  0.8656	  1.0000
  3.9370	  1.5541	 -0.6086	  0.4992	  1.0000
  4.2996	  1.5541	 -1.1628	  7.6004	  0.0000
  4.6622	  1.5541	 -0.9111	 -0.4469	  1.0000
  5.0249	  1.5541	 -0.5519	 -1.0714	  1.0000
  5.3875	  1.5541	 -0.0172	 -0.5953	  0.0000
  5.7501	  1.5541	-12.9811	 -6.6118	  0.0000
  6.1127	  1.5541	  7.6292	 -5.2789	  0.0000
  6.4753	  1.5541	  0.7983	 -0.6161	  1.0000
  6.8380	  1.5541	 13.2579	 12.6354	  0.0000
  7.2006	  1.5541	  1.3566	  0.1699	  1.0000
  7.5632	  1.5541	  1.0753	  0.4175	  1.0000
  7.9258	  1.5541	  0.8125	 -0.0616	  1.0000
  8.2884	  1.5541	  0.5597	  0.0622	  1.0000
  8.6511	  1.5541	 -1.2219	 -8.2374	  0.0000
  9.0137	  1.5541	 -0.2484	 -0.8108	  0.0000
  0.3108	  1.1915	  2.1702	  0.5908	  1.0000
  0.6734	  1.1915	 -0.4136	 -1.1930	  0.0000
  1.0361	  1.1915	  1.6111	  0.6414	  1.0000
  1.3987	  1.1915	  7.5492	 -7.1189	  0.0000
  1.7613	  1.1915	  1.0675	 -7.3090	  0.0000
  2.1239	  1.1915	  0.4145	  1.6945	  1.0000
  2.4865	  1.1915	 -0.2891	  1.8826	  1.0000
  2.8492	  1.1915	 -0.5497	  2.0121	  1.0000
  3.2118	  1.1915	 -0.6469	  2.1460	  1.0000
  3.5744	  1.1915	 -0.9267	  1.6393	  1.0000
  3.9370	  1.1915	 -0.5824	  1.0998	  1.0000
  4.2996	  1.1915	  0.0075	 -1.0661	  0.0000
  4.6622	  1.1915	 13.4880	 -6.5833	  0.0000
  5.0249	  1.1915	 -0.2086	 -0.9436	  1.0000
  5.3875	  1.1915	 -0.4534	  0.1020	  0.0000
  5.7501	  1.1915	 -0.1969	 -2.9798	  0.0000
  6.1127	  1.1915	 12.7402	 -5.1314	  0.0000
  6.4753	  1.1915	 -1.2271	 -0.6532	  0.0000
  6.8380	  1.1915	  0.8000	 -1.1323	  1.0000
  7.2006	  1.1915	  1.1020	 -0.1018	  1.0000
  7.5632	  1.1915	  0.7712	  0.1608	  1.0000
  7.9258	  1.1915	  0.6192	 -0.0844	  1.0000
  8.2884	  1.1915	 -0.4155	 -1.0160	  0.0000
  8.6511	  1.1915	 -0.0238	 -0.6328	  0.0000
  9.0137	  1.1915	 -0.4107	 -0.9595	  0.0000
  0.3108	  0.8288	  8.3656	 -3.1721	  0.0000
  0.6734	  0.8288	  7.9314	 -1.3288	  0.0000
  1.0361	  0.8288	  1.8791	  0.6132	  1.0000
  1.3987	  0.8288	 11.9865	  6.6108	  0.0000
  1.7613	  0.8288	 -1.1975	 -0.7187	  0.0000
  2.1239	  0.8288	  0.5631	  2.0550	  1.0000
  2.4865	  0.8288	 -3.5479	  0.0231	  0.0000
  2.8492	  0.8288	 -3.5212	  7.6872	  0.0000
  3.2118	  0.8288	 -0.6230	  2.6457	  1.0000
  3.5744	  0.8288	 -0.6018	  1.9637	  1.0000
  3.9370	  0.8288	 -0.1348	  1.3120	  1.0000
  4.2996	  0.8288	  0.3477	 -0.5267	  0.0000
  4.6622	  0.8288	 -5.3908	  0.6861	  0.0000
  5.0249	  0.8288	  0.2177	 -1.3419	  1.0000
  5.3875	  0.8288	 -3.0627	 11.2730	  0.0000
  5.7501	  0.8288	  0.2948	  1.7998	  0.0000
  6.1127	  0.8288	  0.4954	 -1.4252	  1.0000
  6.4753	  0.8288	  0.4871	 -1.0931	  1.0000
  6.8380	  0.8288	  0.0445	 -1.2908	  0.0000
  7.2006	  0.8288	  1.1539	 -0.5944	  1.0000
  7.5632	  0.8288	  0.8407	 -0.1075	  1.0000
  7.9258	  0.8288	  0.7992	 -0.1120	  1.0000
  8.2884	  0.8288	 -0.2774	 -1.0932	  0.0000
  8.6511	  0.8288	  0.3074	 -0.2297	  1.0000
  9.0137	  0.8288	  0.1078	 -0.4758	  1.0000
  0.3108	  0.4662	 -0.0285	 -1.1686	  0.0000
  0.6734	  0.4662	 -0.2608	 -1.1575	  0.0000
  1.0361	  0.4662	  2.0522	  0.0041	  1.0000
  1.3987	  0.4662	 -0.4181	 -1.1102	  0.0000
  1.7613	  0.4662	  2.2727	  6.6774	  0.0000
  2.1239	  0.4662	  0.3322	  2.1446	  1.0000
  2.4865	  0.4662	 -7.4991	 10.7671	  0.0000
  2.8492	  0.4662	 -0.6522	  2.4085	  1.0000
  3.2118	  0.4662	 -0.7481	  2.6784	  1.0000
  3.5744	  0.4662	 -7.6791	  5.5206	  0.0000
  3.9370	  0.4662	  7.6565	  7.0244	  0.0000
  4.2996	  0.4662	  0.1529	  1.0123	  1.0000
  4.6622	  0.4662	 -0.4760	 -9.4857	  0.0000
  5.0249	  0.4662	  7.8037	 -1.4580	  0.0000
  5.3875	  0.4662	  0.3088	 -0.2755	  0.0000
  5.7501	  0.4662	  1.1550	 -1.2879	  1.0000
  6.1127	  0.4662	  1.2142	 -0.7399	  1.0000
  6.4753	  0.4662	  1.1016	 -0.4366	  1.0000
  6.8380	  0.4662	 -3.4869	 -6.8061	  0.0000
  7.2006	  0.4662	  1.7959	 -0.3207	  1.0000
  7.5632	  0.4662	  0.9649	 -0.2292	  1.0000
  7.9258	  0.4662	  0.0913	 -0.2426	  0.0000
  8.2884	  0.4662	  3.0619	  7.6970	  0.0000
  8.6511	  0.4662	  0.3874	 -0.3384	  1.0000
  9.0137	  0.4662	  0.2038	 -0.5455	  1.0000
