# x	y	u	v	mask
  0.3108	  6.9934	  0.0889	 -4.8790	  1.0000
  0.6734	  6.9934	  0.2286	 -0.5986	  0.0000
  1.0361	  6.9934	-12.0678	 -9.5210	  0.0000
  1.3987	  6.9934	  7.5576	 -7.6278	  0.0000
  1.7613	  6.9934	  0.3812	 -2.4767	  1.0000
  2.1239	  6.9934	 -0.7055	 -1.9493	  0.0000
  2.4865	  6.9934	 -0.0910	 -1.1566	  1.0000
  2.8492	  6.9934	 10.8944	  5.9479	  0.0000
  3.2118	  6.9934	 -3.2778	  1.3646	  0.0000
  3.5744	  6.9934	 -1.1018	 -1.2567	  0.0000
  3.9370	  6.9934	 -1.9686	 -0.8914	  0.0000
  4.2996	  6.9934	 -6.1672	 -7.6895	  0.0000
  4.6622	  6.9934	  7.8365	  7.7749	  0.0000
  5.0249	  6.9934	 -2.4536	 -0.2311	  1.0000
  5.3875	  6.9934	-13.8321	 -7.5836	  0.0000
  5.7501	  6.9934	 -2.4568	 -0.3103	  1.0000
  6.1127	  6.9934	 -2.3078	 -1.3408	  1.0000
  6.4753	  6.9934	 -0.3334	 -1.3911	  0.0000
  6.8380	  6.9934	 -0.4899	 -1.0144	  0.0000
  7.2006	  6.9934	 -2.0764	 -7.8057	  0.0000
  7.5632	  6.9934	 -0.8006	 -3.2303	  1.0000
  7.9258	  6.9934	 -0.4578	 -3.5189	  1.0000
  8.2884	  6.9934	  4.3493	 -4.9824	  0.0000
  8.6511	  6.9934	 -6.7096	 -7.6555	  0.0000
  9.0137	  6.9934	  0.0650	 -3.7990	  1.0000
  0.3108	  6.6308	 -0.7695	 -4.7701	  1.0000
  0.6734	  6.6308	 13.4633	-13.5925	  0.0000
  1.0361	  6.6308	 -0.6924	 -0.5881	  0.0000
  1.3987	  6.6308	 -0.8209	 -3.0917	  1.0000
  1.7613	  6.6308	 -0.5260	 -0.5587	  0.0000
  2.1239	  6.6308	 -0.8439	 -1.7911	  1.0000
  2.4865	  6.6308	 -0.5763	 -1.5430	  1.0000
  2.8492	  6.6308	 -0.1937	 -0.7375	  1.0000
  3.2118	  6.6308	 -0.9606	 -1.0768	  0.0000
  3.5744	  6.6308	 -0.4572	 -0.4857	  1.0000
  3.9370	  6.6308	 -0.7545	 -0.2967	  1.0000
  4.2996	  6.6308	 -1.8707	  0.1851	  1.0000
  4.6622	  6.6308	 -2.1459	  0.2329	  1.0000
  5.0249	  6.6308	 -2.5472	  0.1733	  1.0000
  5.3875	  6.6308	  7.5759	  9.7460	  0.0000
  5.7501	  6.6308	 -2.6525	  0.0497	  1.0000
  6.1127	  6.6308	 -2.5330	 -0.8537	  1.0000
  6.4753	  6.6308	 -2.4137	 -1.2355	  1.0000
  6.8380	  6.6308	  0.2172	 -0.9264	  0.0000
  7.2006	  6.6308	 -1.0062	 -2.5263	  1.0000
  7.5632	  6.6308	 -6.6074	 -7.1003	  0.0000
  7.9258	  6.6308	 -0.7394	 -2.9299	  1.0000
  8.2884	  6.6308	  6.5847	 -5.4345	  0.0000
  8.6511	  6.6308	 -0.2000	 -0.6362	  0.0000
  9.0137	  6.6308	 -0.3500	 -2.9392	  1.0000
  0.3108	  6.2681	 -1.0798	 -3.7968	  1.0000
  0.6734	  6.2681	  5.6087	 -7.6372	  0.0000
  1.0361	  6.2681	 -0.1561	 -0.8320	  0.0000
  1.3987	  6.2681	 -0.7514	 -2.2277	  1.0000
  1.7613	  6.2681	 -7.6817	  6.9416	  0.0000
  2.1239	  6.2681	  0.3062	 -1.5245	  0.0000
  2.4865	  6.2681	 -0.3103	 -1.0668	  1.0000
  2.8492	  6.2681	 -0.0056	 -0.3967	  1.0000
  3.2118	  6.2681	 -0.1879	 -0.8547	  1.0000
  3.5744	  6.2681	 -1.8924	 -1.0497	  0.0000
  3.9370	  6.2681	 -0.7162	 -0.2689	  1.0000
  4.2996	  6.2681	 -0.7815	 -0.9321	  0.0000
  4.6622	  6.2681	 -7.6275	 -0.0251	  0.0000
  5.0249	  6.2681	 -2.4349	  0.1020	  1.0000
  5.3875	  6.2681	 -2.9112	 -0.1345	  1.0000
  5.7501	  6.2681	 -1.4139	 -2.1753	  0.0000
  6.1127	  6.2681	 -7.6334	 -2.4309	  0.0000
  6.4753	  6.2681	 -2.6870	 -1.3035	  1.0000
  6.8380	  6.2681	 -2.0089	 -2.0217	  1.0000
  7.2006	  6.2681	 -1.4234	 -2.4163	  1.0000
  7.5632	  6.2681	  0.3502	 -0.5300	  0.0000
  7.9258	  6.2681	 -0.8719	 -2.6056	  1.0000
  8.2884	  6.2681	 -0.7714	 -2.7366	  1.0000
  8.6511	  6.2681	 -7.5818	 -7.7577	  0.0000
  9.0137	  6.2681	 -0.4392	 -2.6358	  1.0000
  0.3108	  5.9055	 -1.2090	 -2.6472	  1.0000
  0.6734	  5.9055	  0.7925	 -7.6052	  0.0000
  1.0361	  5.9055	 -0.9025	 -1.6046	  1.0000
  1.3987	  5.9055	 -7.8384	 -2.9066	  0.0000
  1.7613	  5.9055	 -0.3083	 -1.0978	  1.0000
  2.1239	  5.9055	 -0.6861	 -0.5852	  1.0000
  2.4865	  5.9055	 -0.2148	 -0.6714	  1.0000
  2.8492	  5.9055	  7.6952	 -7.7696	  0.0000
  3.2118	  5.9055	  0.1219	 -0.5770	  1.0000
  3.5744	  5.9055	 -0.1108	 -0.2679	  1.0000
  3.9370	  5.9055	 -0.3463	 -0.1197	  1.0000
  4.2996	  5.9055	 -1.4225	 -1.0733	  0.0000
  4.6622	  5.9055	 -5.2077	  2.9387	  0.0000
  5.0249	  5.9055	 -1.5106	 -1.1982	  0.0000
  5.3875	  5.9055	 -1.8675	 -1.1063	  0.0000
  5.7501	  5.9055	 -2.8553	 -0.3968	  1.0000
  6.1127	  5.9055	 -2.8572	 -1.0581	  1.0000
  6.4753	  5.9055	 -2.7994	 -1.3462	  1.0000
  6.8380	  5.9055	 -2.0728	 -1.8237	  1.0000
  7.2006	  5.9055	 -1.5693	 -2.1441	  1.0000
  7.5632	  5.9055	  0.3174	 -0.5605	  0.0000
  7.9258	  5.9055	  7.6290	 -4.2811	  0.0000
  8.2884	  5.9055	  0.5094	 -0.9913	  0.0000
  8.6511	  5.9055	 -0.7063	 -2.2884	  1.0000
  9.0137	  5.9055	 -0.4499	 -2.3170	  1.0000
  0.3108	  5.5429	 -1.1519	 -1.8900	  1.0000
  0.6734	  5.5429	 -0.8957	 -0.8040	  1.0000
  1.0361	  5.5429	 -0.7076	 -0.6862	  1.0000
  1.3987	  5.5429	-14.4449	-14.1216	  0.0000
  1.7613	  5.5429	 -0.3392	 -0.5797	  1.0000
  2.1239	  5.5429	 -1.3096	 -0.8283	  0.0000
  2.4865	  5.5429	 -0.0499	 -2.5665	  0.0000
  2.8492	  5.5429	 -0.9301	 -1.3733	  0.0000
  3.2118	  5.5429	  0.2416	 -0.5877	  1.0000
  3.5744	  5.5429	 -1.6115	 -0.8333	  0.0000
  3.9370	  5.5429	 -0.3499	 -0.3815	  1.0000
  4.2996	  5.5429	 -0.8546	  0.0704	  1.0000
  4.6622	  5.5429	 -1.3397	  0.2285	  1.0000
  5.0249	  5.5429	 -1.8195	  0.1219	  1.0000
  5.3875	  5.5429	 -9.8771	 12.2982	  0.0000
  5.7501	  5.5429	 -2.7668	 -0.2719	  1.0000
  6.1127	  5.5429	 -2.6086	 -0.6411	  1.0000
  6.4753	  5.5429	 -2.6467	 -0.9087	  1.0000
  6.8380	  5.5429	 -2.1904	 -1.5235	  1.0000
  7.2006	  5.5429	 -1.8027	 -1.7623	  1.0000
  7.5632	  5.5429	 -1.5947	 -1.7867	  1.0000
  7.9258	  5.5429	 -0.9476	 -2.0087	  1.0000
  8.2884	  5.5429	 -1.0167	 -1.8931	  1.0000
  8.6511	  5.5429	 -6.9323	  7.8489	  0.0000
  9.0137	  5.5429	 -0.6210	 -1.8144	  1.0000
  0.3108	  5.1803	 -1.5864	 -1.0159	  1.0000
  0.6734	  5.1803	 -0.1206	 -0.4325	  0.0000
  1.0361	  5.1803	 -7.5978	  7.7193	  0.0000
  1.3987	  5.1803	 -0.4796	 -0.7837	  0.0000
  1.7613	  5.1803	  2.5585	  9.5933	  0.0000
  2.1239	  5.1803	  6.7560	  2.3200	  0.0000
  2.4865	  5.1803	 -1.6186	 -1.5481	  0.0000
  2.8492	  5.1803	  0.0274	  0.2942	  1.0000
  3.2118	  5.1803	  0.5259	 -0.1709	  1.0000
  3.5744	  5.1803	 -1.2017	 -0.5403	  0.0000
  3.9370	  5.1803	 -1.0689	 -0.8304	  0.0000
  4.2996	  5.1803	 -0.3933	 -0.1277	  1.0000
  4.6622	  5.1803	 -0.9011	 -0.0829	  1.0000
  5.0249	  5.1803	 -1.4842	  0.0037	  1.0000
  5.3875	  5.1803	 -2.0660	 -0.9527	  0.0000
  5.7501	  5.1803	 -2.8199	 -0.3849	  1.0000
  6.1127	  5.1803	 -2.9250	 -0.7036	  1.0000
  6.4753	  5.1803	-11.6515	 -7.8364	  0.0000
  6.8380	  5.1803	 -2.3215	 -1.2316	  1.0000
  7.2006	  5.1803	 -2.1291	 -1.3678	  1.0000
  7.5632	  5.1803	 -1.7924	 -1.6241	  1.0000
  7.9258	  5.1803	 -1.1465	 -1.8066	  1.0000
  8.2884	  5.1803	 -1.1872	 -1.6423	  1.0000
  8.6511	  5.1803	 -1.0130	 -1.6150	  1.0000
  9.0137	  5.1803	 -0.9111	 -1.6766	  1.0000
  0.3108	  4.8177	 -1.3633	  0.2584	  1.0000
  0.6734	  4.8177	 -0.8689	  0.7806	  1.0000
  1.0361	  4.8177	 -7.6277	  7.7956	  0.0000
  1.3987	  4.8177	  2.5708	  7.7152	  0.0000
  1.7613	  4.8177	 -0.5766	  0.4931	  1.0000
  2.1239	  4.8177	 -0.4147	  0.6239	  1.0000
  2.4865	  4.8177	 -0.0951	  0.2209	  1.0000
  2.8492	  4.8177	  0.3130	  0.4516	  1.0000
  3.2118	  4.8177	  0.8188	 -0.0511	  1.0000
  3.5744	  4.8177	 -0.2940	  3.1482	  0.0000
  3.9370	  4.8177	 -1.0414	 -1.0963	  0.0000
  4.2996	  4.8177	 14.1581	  4.6152	  0.0000
  4.6622	  4.8177	 -0.3580	 -0.2766	  1.0000
  5.0249	  4.8177	 -1.6811	 -1.1663	  0.0000
  5.3875	  4.8177	 -7.7085	 -7.6945	  0.0000
  5.7501	  4.8177	 -1.1930	 -1.1510	  0.0000
  6.1127	  4.8177	 -2.6962	 -0.6031	  1.0000
  6.4753	  4.8177	 -2.7808	 -0.7427	  1.0000
  6.8380	  4.8177	 -3.1925	 -1.2261	  0.0000
  7.2006	  4.8177	 -2.1205	 -1.2012	  1.0000
  7.5632	  4.8177	 -1.7639	 -1.3887	  1.0000
  7.9258	  4.8177	 -1.1476	 -1.5166	  1.0000
  8.2884	  4.8177	 -1.2079	 -1.3534	  1.0000
  8.6511	  4.8177	  0.0725	 -0.4636	  0.0000
  9.0137	  4.8177	 -0.7951	 -1.2918	  1.0000
  0.3108	  4.4550	 -1.2603	  1.0482	  1.0000
  0.6734	  4.4550	  1.0153	 -7.7888	  0.0000
  1.0361	  4.4550	 -0.5398	  1.4096	  1.0000
  1.3987	  4.4550	 -0.5165	  1.1757	  1.0000
  1.7613	  4.4550	  7.7151	 10.9051	  0.0000
  2.1239	  4.4550	 -0.3553	  1.0244	  1.0000
  2.4865	  4.4550	 -0.0406	  0.6004	  1.0000
  2.8492	  4.4550	 -1.1542	 -1.4802	  0.0000
  3.2118	  4.4550	  2.9989	 -5.7047	  0.0000
  3.5744	  4.4550	  0.7058	  0.0149	  1.0000
  3.9370	  4.4550	  0.6058	 -0.0377	  1.0000
  4.2996	  4.4550	  0.2992	 -0.2044	  1.0000
  4.6622	  4.4550	 -1.1012	 -0.1778	  0.0000
  5.0249	  4.4550	 -0.6957	 -0.2678	  1.0000
  5.3875	  4.4550	 -1.3556	 -0.1966	  1.0000
  5.7501	  4.4550	 -2.0104	 -0.6062	  1.0000
  6.1127	  4.4550	 -2.4670	 -0.6780	  1.0000
  6.4753	  4.4550	 -8.8988	 11.2320	  0.0000
  6.8380	  4.4550	  7.8195	 -7.7859	  0.0000
  7.2006	  4.4550	 -3.1694	 -1.4456	  0.0000
  7.5632	  4.4550	 -1.7920	 -1.8000	  1.0000
  7.9258	  4.4550	 -1.2108	 -1.8942	  1.0000
  8.2884	  4.4550	 -1.4151	 -1.6162	  1.0000
  8.6511	  4.4550	 -1.1991	 -1.7424	  1.0000
  9.0137	  4.4550	 -1.3546	 -1.3261	  1.0000
  0.3108	  4.0924	 -0.8912	  1.3855	  1.0000
  0.6734	  4.0924	 -0.5130	  1.7209	  1.0000
  1.0361	  4.0924	 -0.5567	  1.8228	  1.0000
  1.3987	  4.0924	  0.3613	 -7.7975	  0.0000
  1.7613	  4.0924	 -0.5814	  1.4333	  1.0000
  2.1239	  4.0924	 -0.3066	  1.8861	  1.0000
  2.4865	  4.0924	  0.0360	  1.4267	  1.0000
  2.8492	  4.0924	 -6.2284	  7.1018	  0.0000
  3.2118	  4.0924	  1.7018	  2.7922	  0.0000
  3.5744	  4.0924	 -2.1712	 -0.6335	  0.0000
  3.9370	  4.0924	 -0.3622	 -1.8226	  0.0000
  4.2996	  4.0924	 14.1456	  1.4992	  0.0000
  4.6622	  4.0924	  6.8972	  0.2284	  0.0000
  5.0249	  4.0924	 -0.2403	 -0.9092	  1.0000
  5.3875	  4.0924	 -0.8904	 -0.8787	  1.0000
  5.7501	  4.0924	 -1.0807	 -0.5354	  0.0000
  6.1127	  4.0924	 -9.6640	  9.0428	  0.0000
  6.4753	  4.0924	 -2.3260	 -0.3623	  0.0000
  6.8380	  4.0924	 -2.1131	 -1.2689	  1.0000
  7.2006	  4.0924	 -3.2161	 -0.8485	  0.0000
  7.5632	  4.0924	 -1.7414	 -1.8515	  1.0000
  7.9258	  4.0924	 -1.1778	 -1.9216	  1.0000
  8.2884	  4.0924	 -1.3782	 -1.6770	  1.0000
  8.6511	  4.0924	 -1.0958	 -1.8772	  1.0000
  9.0137	  4.0924	  0.0660	 -0.6012	  0.0000
  0.3108	  3.7298	  7.7183	 10.7444	  0.0000
  0.6734	  3.7298	  2.3015	  7.6197	  0.0000
  1.0361	  3.7298	 -0.6399	  1.1567	  1.0000
  1.3987	  3.7298	 -0.4626	  0.8598	  1.0000
  1.7613	  3.7298	 -0.5647	  0.6847	  1.0000
  2.1239	  3.7298	 -0.3304	  1.1255	  1.0000
  2.4865	  3.7298	 -0.2708	 -1.9228	  0.0000
  2.8492	  3.7298	 -0.1789	  1.0835	  1.0000
  3.2118	  3.7298	  1.3285	  7.6879	  0.0000
  3.5744	  3.7298	  0.9014	  0.3309	  1.0000
  3.9370	  3.7298	  0.6964	  0.3164	  1.0000
  4.2996	  3.7298	  6.7663	 -9.8173	  0.0000
  4.6622	  3.7298	  0.3610	 -0.9873	  1.0000
  5.0249	  3.7298	 -1.4439	 -1.0796	  0.0000
  5.3875	  3.7298	 -0.5118	 -0.8140	  1.0000
  5.7501	  3.7298	 -1.1727	 -1.0901	  1.0000
  6.1127	  3.7298	 -1.6377	 -0.9426	  1.0000
  6.4753	  3.7298	 -1.6569	 -1.2507	  1.0000
  6.8380	  3.7298	 -1.4890	 -1.1953	  1.0000
  7.2006	  3.7298	 -3.1378	 -0.5666	  0.0000
  7.5632	  3.7298	 -1.3955	 -1.7616	  1.0000
  7.9258	  3.7298	 -4.4354	 -0.6046	  0.0000
  8.2884	  3.7298	 -1.2566	 -1.8393	  1.0000
  8.6511	  3.7298	 -1.0302	 -2.2150	  1.0000
  9.0137	  3.7298	  0.0707	 -0.5408	  0.0000
  0.3108	  3.3672	 -7.8364	  7.6867	  0.0000
  0.6734	  3.3672	 -0.3325	  0.1147	  1.0000
  1.0361	  3.3672	  0.0067	  0.1381	  0.0000
  1.3987	  3.3672	 -0.5201	  0.2269	  1.0000
  1.7613	  3.3672	  0.8473	 -0.5429	  0.0000
  2.1239	  3.3672	 -0.6482	  0.8015	  1.0000
  2.4865	  3.3672	 -0.6551	  0.9116	  1.0000
  2.8492	  3.3672	 -0.5515	  1.1740	  1.0000
  3.2118	  3.3672	 -0.1562	  0.8203	  1.0000
  3.5744	  3.3672	  0.2705	  0.4037	  1.0000
  3.9370	  3.3672	  0.1110	  0.3742	  1.0000
  4.2996	  3.3672	 -1.7720	 -1.3887	  0.0000
  4.6622	  3.3672	  0.1776	 -0.9576	  1.0000
  5.0249	  3.3672	 -1.5901	 -1.0711	  0.0000
  5.3875	  3.3672	 -1.7145	 -0.8598	  0.0000
  5.7501	  3.3672	 -0.9424	 -0.9646	  1.0000
  6.1127	  3.3672	 -1.7049	 -0.5414	  0.0000
  6.4753	  3.3672	 -1.4012	 -1.1116	  1.0000
  6.8380	  3.3672	  3.5997	-10.4231	  0.0000
  7.2006	  3.3672	 -1.4888	 -1.0721	  1.0000
  7.5632	  3.3672	  7.8830	-13.2747	  0.0000
  7.9258	  3.3672	 -0.8591	 -1.6360	  1.0000
  8.2884	  3.3672	 -7.7537	 -8.0290	  0.0000
  8.6511	  3.3672	 -0.8387	 -1.7777	  1.0000
  9.0137	  3.3672	  0.1084	 -0.5253	  0.0000
  0.3108	  3.0046	  0.5357	 -0.7935	  0.0000
  0.6734	  3.0046	 -4.7475	 -7.9931	  0.0000
  1.0361	  3.0046	 -1.1673	 -0.0051	  1.0000
  1.3987	  3.0046	 -0.9953	 -0.1033	  1.0000
  1.7613	  3.0046	 -1.3368	  0.0840	  1.0000
  2.1239	  3.0046	-10.5410	  6.5353	  0.0000
  2.4865	  3.0046	 -0.9247	 -1.3721	  0.0000
  2.8492	  3.0046	 -1.0763	  1.1034	  1.0000
  3.2118	  3.0046	  2.9547	 13.1030	  0.0000
  3.5744	  3.0046	 -1.3290	 -1.3224	  0.0000
  3.9370	  3.0046	 -0.1423	  0.5616	  1.0000
  4.2996	  3.0046	  0.2265	 -0.3345	  1.0000
  4.6622	  3.0046	  0.1079	 -0.9913	  1.0000
  5.0249	  3.0046	 -0.0768	 -0.8910	  1.0000
  5.3875	  3.0046	  2.9610	-14.0379	  0.0000
  5.7501	  3.0046	 -1.1423	 -0.8211	  1.0000
  6.1127	  3.0046	 -1.2494	 -1.3020	  0.0000
  6.4753	  3.0046	 -1.6121	 -0.9924	  1.0000
  6.8380	  3.0046	 -1.6979	 -0.9381	  1.0000
  7.2006	  3.0046	 -3.4326	 -0.0918	  0.0000
  7.5632	  3.0046	 -1.5160	 -1.1431	  1.0000
  7.9258	  3.0046	 -3.6096	 -0.3433	  0.0000
  8.2884	  3.0046	 -0.9422	 -1.4133	  1.0000
  8.6511	  3.0046	  0.3641	 -1.0963	  0.0000
  9.0137	  3.0046	  0.0493	 -0.8235	  0.0000
  0.3108	  2.6419	 -0.6267	 -0.6094	  1.0000
  0.6734	  2.6419	 -0.7665	 -0.7868	  1.0000
  1.0361	  2.6419	  2.7659	-12.9183	  0.0000
  1.3987	  2.6419	 -1.1544	 -0.8981	  1.0000
  1.7613	  2.6419	 -1.3871	 -0.8121	  1.0000
  2.1239	  2.6419	 -1.4715	 -0.2325	  1.0000
  2.4865	  2.6419	  6.1077	 -7.6020	  0.0000
  2.8492	  2.6419	 -1.2695	  0.7133	  1.0000
  3.2118	  2.6419	 -0.9957	  0.7289	  1.0000
  3.5744	  2.6419	 -0.6023	  0.5026	  1.0000
  3.9370	  2.6419	 -0.3312	  1.0114	  1.0000
  4.2996	  2.6419	 -0.0778	  0.3323	  1.0000
  4.6622	  2.6419	 -1.5091	 -1.1372	  0.0000
  5.0249	  2.6419	 -1.4562	 -0.9559	  0.0000
  5.3875	  2.6419	 -1.1393	 -0.9403	  0.0000
  5.7501	  2.6419	  0.2236	 -1.0152	  0.0000
  6.1127	  2.6419	 -0.5081	 -0.9511	  0.0000
  6.4753	  2.6419	 -0.8696	 -0.9646	  1.0000
  6.8380	  2.6419	 -0.3392	  4.1643	  0.0000
  7.2006	  2.6419	  0.2668	  4.3894	  0.0000
  7.5632	  2.6419	 -4.5665	 -0.3637	  0.0000
  7.9258	  2.6419	  9.4211	-13.5223	  0.0000
  8.2884	  2.6419	 -7.5819	 -1.0884	  0.0000
  8.6511	  2.6419	 -0.8120	 -1.4141	  1.0000
  9.0137	  2.6419	  0.0858	 -0.7359	  0.0000
  0.3108	  2.2793	 -0.7253	 -2.2016	  1.0000
  0.6734	  2.2793	 -0.8692	 -2.1090	  1.0000
  1.0361	  2.2793	 -1.2660	 -1.7483	  1.0000
  1.3987	  2.2793	 -1.3124	 -1.8863	  1.0000
  1.7613	  2.2793	 -1.5565	 -1.3951	  1.0000
  2.1239	  2.2793	 -1.7442	 -0.8066	  1.0000
  2.4865	  2.2793	 -1.5967	 -0.1243	  1.0000
  2.8492	  2.2793	 -7.6292	  7.3549	  0.0000
  3.2118	  2.2793	 -1.4704	  0.6292	  1.0000
  3.5744	  2.2793	 -1.0005	  0.5537	  1.0000
  3.9370	  2.2793	 -0.6564	  1.0842	  1.0000
  4.2996	  2.2793	 -0.3711	  0.4063	  1.0000
  4.6622	  2.2793	 -1.4648	 -1.1806	  0.0000
  5.0249	  2.2793	 -1.2901	 -0.9295	  0.0000
  5.3875	  2.2793	 -0.2885	 -0.7381	  1.0000
  5.7501	  2.2793	 -0.3510	 -0.6234	  1.0000
  6.1127	  2.2793	 -0.1666	 -1.4546	  0.0000
  6.4753	  2.2793	 -2.6461	  0.5937	  0.0000
  6.8380	  2.2793	 -3.3956	 -0.1539	  0.0000
  7.2006	  2.2793	 -0.7533	 -0.6077	  1.0000
  7.5632	  2.2793	 -3.7912	 -0.0801	  0.0000
  7.9258	  2.2793	 -5.0318	  0.2565	  0.0000
  8.2884	  2.2793	 12.2721	 15.1209	  0.0000
  8.6511	  2.2793	 -0.9224	 -0.9837	  1.0000
  9.0137	  2.2793	 -0.0142	 -0.5319	  0.0000
  0.3108	  1.9167	 -0.4589	 -2.6869	  1.0000
  0.6734	  1.9167	 -7.5371	  7.6130	  0.0000
  1.0361	  1.9167	 -1.1787	 -2.2187	  1.0000
  1.3987	  1.9167	 -1.2453	 -2.3568	  1.0000
  1.7613	  1.9167	 -1.6549	 -1.7744	  1.0000
  2.1239	  1.9167	 -1.8464	 -1.2217	  1.0000
  2.4865	  1.9167	 -1.7799	 -0.5038	  1.0000
  2.8492	  1.9167	 -1.7013	  0.0948	  1.0000
  3.2118	  1.9167	 -1.5513	  0.4921	  1.0000
  3.5744	  1.9167	 -1.0035	  0.6008	  1.0000
  3.9370	  1.9167	 -0.5889	  1.2638	  1.0000
  4.2996	  1.9167	 -1.5799	 -0.9558	  0.0000
  4.6622	  1.9167	 -0.3700	 -0.7430	  0.0000
  5.0249	  1.9167	  0.1304	  0.1504	  1.0000
  5.3875	  1.9167	  0.1099	 -0.2817	  1.0000
  5.7501	  1.9167	 -0.0868	 -0.0835	  1.0000
  6.1127	  1.9167	  1.2339	  0.0037	  0.0000
  6.4753	  1.9167	 -4.0176	 -0.3955	  0.0000
  6.8380	  1.9167	-14.6703	 13.6259	  0.0000
  7.2006	  1.9167	 -0.7121	  0.1957	  1.0000
  7.5632	  1.9167	 -4.8566	 -6.9999	  0.0000
  7.9258	  1.9167	 -0.9727	  0.2769	  1.0000
  8.2884	  1.9167	 -0.8015	 -0.0323	  1.0000
  8.6511	  1.9167	 -0.0273	 -0.4791	  0.0000
  9.0137	  1.9167	 -0.6437	 -0.8255	  0.0000
  0.3108	  1.5541	 -0.2543	 -2.4537	  1.0000
  0.6734	  1.5541	 -0.4838	 -2.4661	  1.0000
  1.0361	  1.5541	 -0.4786	 -2.5220	  1.0000
  1.3987	  1.5541	 -0.6420	 -2.6214	  1.0000
  1.7613	  1.5541	 -1.0257	 -2.1266	  1.0000
  2.1239	  1.5541	 -1.3940	 -2.0252	  1.0000
  2.4865	  1.5541	 -9.9641	-13.2203	  0.0000
  2.8492	  1.5541	  0.2977	 -2.2710	  0.0000
  3.2118	  1.5541	-13.2181	  7.6698	  0.0000
  3.5744	  1.5541	  7.9092	  7.7758	  0.0000
  3.9370	  1.5541	 -0.4430	  1.3740	  1.0000
  4.2996	  1.5541	 -0.0336	  1.3570	  1.0000
  4.6622	  1.5541	  0.4266	  1.2467	  1.0000
  5.0249	  1.5541	  9.4600	 11.2402	  0.0000
  5.3875	  1.5541	  0.8208	  0.7086	  1.0000
  5.7501	  1.5541	  0.7226	  0.7470	  1.0000
  6.1127	  1.5541	  0.8323	  0.6806	  1.0000
  6.4753	  1.5541	  0.2863	  0.0443	  1.0000
  6.8380	  1.5541	  7.5293	  0.3947	  0.0000
  7.2006	  1.5541	 10.8071	  0.2067	  0.0000
  7.5632	  1.5541	 -4.0301	  0.0673	  0.0000
  7.9258	  1.5541	 -0.7250	  0.3771	  1.0000
  8.2884	  1.5541	 -0.0384	 -0.4012	  0.0000
  8.6511	  1.5541	 -1.0599	  0.0467	  1.0000
  9.0137	  1.5541	 -0.9534	  0.4923	  1.0000
  0.3108	  1.1915	  7.5465	 -7.8063	  0.0000
  0.6734	  1.1915	  5.0402	 -6.6824	  0.0000
  1.0361	  1.1915	 -5.6742	 -6.4283	  0.0000
  1.3987	  1.1915	 -0.7824	 -2.5969	  1.0000
  1.7613	  1.1915	 -1.2055	 -2.0236	  1.0000
  2.1239	  1.1915	 -1.6162	 -1.8911	  1.0000
  2.4865	  1.1915	 -1.5149	 -1.3022	  1.0000
  2.8492	  1.1915	 -0.7671	  2.9401	  0.0000
  3.2118	  1.1915	 -0.9905	 -6.1794	  0.0000
  3.5744	  1.1915	 -1.1802	  0.7081	  1.0000
  3.9370	  1.1915	  1.1000	  0.4758	  0.0000
  4.2996	  1.1915	 -4.6653	  0.1242	  0.0000
  4.6622	  1.1915	  0.6166	  1.4938	  1.0000
  5.0249	  1.1915	  0.9626	  1.4661	  1.0000
  5.3875	  1.1915	  1.0801	  0.9605	  1.0000
  5.7501	  1.1915	 -5.7744	 -7.5876	  0.0000
  6.1127	  1.1915	  1.0612	  0.7109	  1.0000
  6.4753	  1.1915	  7.4728	 -7.5663	  0.0000
  6.8380	  1.1915	  0.1178	 -0.1334	  1.0000
  7.2006	  1.1915	  0.0555	  0.4921	  1.0000
  7.5632	  1.1915	 -0.4170	  0.2940	  1.0000
  7.9258	  1.1915	 -0.7629	  0.6498	  1.0000
  8.2884	  1.1915	 -7.7201	  0.8566	  0.0000
  8.6511	  1.1915	 -1.1229	  0.6335	  1.0000
  9.0137	  1.1915	 -1.1605	  1.2828	  1.0000
  0.3108	  0.8288	  0.1557	 -0.3705	  0.0000
  0.6734	  0.8288	 -0.1141	 -0.3780	  0.0000
  1.0361	  0.8288	 -0.1635	 -2.6650	  1.0000
  1.3987	  0.8288	 -0.5793	 -2.7390	  1.0000
  1.7613	  0.8288	 -0.9005	 -2.3475	  1.0000
  2.1239	  0.8288	 -1.3566	 -2.2885	  1.0000
  2.4865	  0.8288	 -1.2419	 -1.6402	  1.0000
  2.8492	  0.8288	 -1.1771	 -0.9300	  1.0000
  3.2118	  0.8288	 -1.1154	 -0.2657	  1.0000
  3.5744	  0.8288	 -0.9483	  0.5589	  1.0000
  3.9370	  0.8288	  0.0365	  1.6113	  1.0000
  4.2996	  0.8288	  0.3871	  1.9136	  1.0000
  4.6622	  0.8288	  0.9351	  1.8552	  1.0000
  5.0249	  0.8288	  1.3109	  1.8667	  1.0000
  5.3875	  0.8288	  1.5006	  1.2920	  1.0000
  5.7501	  0.8288	  1.4575	  1.2608	  1.0000
  6.1127	  0.8288	  1.5388	  1.0032	  1.0000
  6.4753	  0.8288	  0.9347	  0.0711	  1.0000
  6.8380	  0.8288	  0.6055	 -0.0827	  1.0000
  7.2006	  0.8288	  0.1658	  0.2094	  1.0000
  7.5632	  0.8288	  5.8606	 -5.2150	  0.0000
  7.9258	  0.8288	 -0.8685	  0.4360	  1.0000
  8.2884	  0.8288	 -6.1666	  7.1947	  0.0000
  8.6511	  0.8288	 -1.4459	  0.2352	  1.0000
  9.0137	  0.8288	 -1.7052	  0.8792	  1.0000
  0.3108	  0.4662	 -0.0075	 -0.2859	  0.0000
  0.6734	  0.4662	 -0.0500	 -0.3213	  0.0000
  1.0361	  0.4662	 -0.0387	 -0.5903	  0.0000
  1.3987	  0.4662	 -0.6523	 -0.1683	  0.0000
  1.7613	  0.4662	 -0.4017	 -2.9073	  1.0000
  2.1239	  0.4662	 11.2419	 -9.3718	  0.0000
  2.4865	  0.4662	 -1.0087	 -1.8940	  1.0000
  2.8492	  0.4662	 -0.9448	 -1.2210	  1.0000
  3.2118	  0.4662	 -0.9037	 -0.4511	  1.0000
  3.5744	  0.4662	 -0.7935	  0.5693	  1.0000
  3.9370	  0.4662	  0.3669	  1.9696	  1.0000
  4.2996	  0.4662	  0.7431	  2.4405	  1.0000
  4.6622	  0.4662	  1.3679	  2.4161	  1.0000
  5.0249	  0.4662	  7.6390	  7.5124	  0.0000
  5.3875	  0.4662	  6.3588	  9.0484	  0.0000
  5.7501	  0.4662	  2.5025	  1.2472	  1.0000
  6.1127	  0.4662	  2.6213	  0.8894	  1.0000
  6.4753	  0.4662	  2.0267	 -0.0705	  1.0000
  6.8380	  0.4662	  1.6349	 -0.3362	  1.0000
  7.2006	  0.4662	  1.0865	  0.0187	  1.0000
  7.5632	  0.4662	  0.4516	 -0.2547	  1.0000
  7.9258	  0.4662	 -0.2818	  0.3346	  1.0000
  8.2884	  0.4662	 -0.7495	  0.6065	  1.0000
  8.6511	  0.4662	 -1.4581	  0.6934	  1.0000
  9.0137	  0.4662	 -1.9984	  1.1608	  1.0000
