# x	y	u	v	mask
  0.3108	  6.9934	  4.0010	 -2.4576	  1.0000
  0.6734	  6.9934	  0.7195	  0.0883	  0.0000
  1.0361	  6.9934	  3.1195	 -1.7751	  1.0000
  1.3987	  6.9934	  7.6229	 12.2431	  0.0000
  1.7613	  6.9934	  2.8230	 -0.9125	  1.0000
  2.1239	  6.9934	 -0.2353	 -0.3852	  0.0000
  2.4865	  6.9934	  1.7686	  0.2250	  1.0000
  2.8492	  6.9934	 10.9728	  6.6133	  0.0000
  3.2118	  6.9934	 -7.4772	  2.6223	  0.0000
  3.5744	  6.9934	 -0.7806	  0.0408	  1.0000
  3.9370	  6.9934	 -1.5833	 -0.3694	  1.0000
  4.2996	  6.9934	 -7.4311	 -6.9611	  0.0000
  4.6622	  6.9934	 -2.5389	 -0.5092	  1.0000
  5.0249	  6.9934	 -0.9675	  0.2071	  0.0000
  5.3875	  6.9934	-14.1090	 -5.9483	  0.0000
  5.7501	  6.9934	 -2.5920	  0.4836	  1.0000
  6.1127	  6.9934	 -1.7031	  0.4938	  1.0000
  6.4753	  6.9934	  0.8334	  0.2303	  0.0000
  6.8380	  6.9934	  0.4717	 -0.0996	  0.0000
  7.2006	  6.9934	  0.5664	 -0.7516	  1.0000
  7.5632	  6.9934	 -0.3371	 -7.8853	  0.0000
  7.9258	  6.9934	 -7.7654	 -7.7243	  0.0000
  8.2884	  6.9934	  5.1927	 -3.8120	  0.0000
  8.6511	  6.9934	 -6.1550	 -7.6245	  0.0000
  9.0137	  6.9934	  1.3056	 -4.2981	  1.0000
  0.3108	  6.6308	  3.3483	 -1.8888	  1.0000
  0.6734	  6.6308	  2.9415	 -1.6665	  1.0000
  1.0361	  6.6308	 -3.2230	  2.5210	  0.0000
  1.3987	  6.6308	  7.8018	  3.0944	  0.0000
  1.7613	  6.6308	 -1.0591	 -0.0616	  0.0000
  2.1239	  6.6308	  1.9743	 -0.2465	  1.0000
  2.4865	  6.6308	  1.4417	  0.2784	  1.0000
  2.8492	  6.6308	  0.6903	 -0.1167	  1.0000
  3.2118	  6.6308	  0.1394	 -0.2701	  1.0000
  3.5744	  6.6308	 -1.0142	 -0.1027	  0.0000
  3.9370	  6.6308	 -1.2749	 -0.3654	  1.0000
  4.2996	  6.6308	 -2.4562	 -0.3390	  1.0000
  4.6622	  6.6308	 -1.5871	 -0.8718	  0.0000
  5.0249	  6.6308	 -2.8230	  0.0978	  1.0000
  5.3875	  6.6308	 -2.9976	  0.4167	  1.0000
  5.7501	  6.6308	 -2.6133	  0.8813	  1.0000
  6.1127	  6.6308	 -1.8396	  0.8674	  1.0000
  6.4753	  6.6308	  0.8883	  0.4987	  0.0000
  6.8380	  6.6308	  0.8679	 -0.0585	  0.0000
  7.2006	  6.6308	 -1.3783	 -0.6048	  0.0000
  7.5632	  6.6308	  0.7347	 -1.2490	  1.0000
  7.9258	  6.6308	 13.8006	 -8.7816	  0.0000
  8.2884	  6.6308	  7.2245	 -4.6452	  0.0000
  8.6511	  6.6308	  0.2772	  0.1195	  0.0000
  9.0137	  6.6308	  1.5395	 -3.6831	  1.0000
  0.3108	  6.2681	  3.0293	 -1.8450	  1.0000
  0.6734	  6.2681	  5.1404	 -7.7512	  0.0000
  1.0361	  6.2681	  0.3471	 -7.5699	  0.0000
  1.3987	  6.2681	 10.2266	-12.9747	  0.0000
  1.7613	  6.2681	 -0.3164	 -0.9361	  0.0000
  2.1239	  6.2681	  1.8679	 -0.4730	  1.0000
  2.4865	  6.2681	  1.3954	  0.0305	  1.0000
  2.8492	  6.2681	  0.7491	 -0.2976	  1.0000
  3.2118	  6.2681	  0.2229	 -0.3661	  1.0000
  3.5744	  6.2681	 -1.4193	 -0.7452	  0.0000
  3.9370	  6.2681	 -0.0729	 -0.7057	  0.0000
  4.2996	  6.2681	  0.0038	 -0.5365	  0.0000
  4.6622	  6.2681	 -2.4277	  0.1655	  1.0000
  5.0249	  6.2681	 -9.8510	 -7.7710	  0.0000
  5.3875	  6.2681	 -2.0585	 -1.0730	  0.0000
  5.7501	  6.2681	 -1.0787	 -1.0470	  0.0000
  6.1127	  6.2681	 -7.6746	 -0.9286	  0.0000
  6.4753	  6.2681	 -1.6800	  0.8299	  1.0000
  6.8380	  6.2681	 -1.2308	  7.5559	  0.0000
  7.2006	  6.2681	  0.2171	 -0.5222	  1.0000
  7.5632	  6.2681	  0.6205	  0.2479	  0.0000
  7.9258	  6.2681	  0.8036	 -1.4716	  1.0000
  8.2884	  6.2681	  1.1087	 -2.2566	  1.0000
  8.6511	  6.2681	 -7.4336	 -6.7677	  0.0000
  9.0137	  6.2681	  1.0995	 -3.2753	  1.0000
  0.3108	  5.9055	  2.9215	 -1.0352	  1.0000
  0.6734	  5.9055	  0.6641	 -7.5612	  0.0000
  1.0361	  5.9055	 12.3522	 -9.8491	  0.0000
  1.3987	  5.9055	  2.2101	 -0.7979	  1.0000
  1.7613	  5.9055	  2.0459	 -0.4852	  1.0000
  2.1239	  5.9055	  1.8579	 -0.3496	  1.0000
  2.4865	  5.9055	  1.4119	  0.1881	  1.0000
  2.8492	  5.9055	  0.7611	 -0.2622	  1.0000
  3.2118	  5.9055	  5.6648	 -3.1947	  0.0000
  3.5744	  5.9055	 -0.3810	 -0.0783	  1.0000
  3.9370	  5.9055	 -0.9699	 -1.3546	  0.0000
  4.2996	  5.9055	 -0.9533	 -0.3403	  0.0000
  4.6622	  5.9055	 -9.5524	  6.3529	  0.0000
  5.0249	  5.9055	 -1.0129	 -0.4722	  0.0000
  5.3875	  5.9055	 -1.5410	 -0.1646	  0.0000
  5.7501	  5.9055	  9.6784	  7.3481	  0.0000
  6.1127	  5.9055	 -2.1536	  1.0445	  1.0000
  6.4753	  5.9055	 -7.6529	  4.1724	  0.0000
  6.8380	  5.9055	 -0.3188	  0.1145	  1.0000
  7.2006	  5.9055	  7.8397	  7.6607	  0.0000
  7.5632	  5.9055	  0.6762	  0.1707	  0.0000
  7.9258	  5.9055	  7.6702	 -3.1254	  0.0000
  8.2884	  5.9055	  1.0231	 -0.1678	  0.0000
  8.6511	  5.9055	  1.2276	 -2.4319	  1.0000
  9.0137	  5.9055	  1.3616	 -2.7566	  1.0000
  0.3108	  5.5429	  2.7295	 -1.6933	  1.0000
  0.6734	  5.5429	  2.3999	 -1.5113	  1.0000
  1.0361	  5.5429	  2.3382	 -1.3674	  1.0000
  1.3987	  5.5429	 -5.0934	  7.9394	  0.0000
  1.7613	  5.5429	  1.8092	 -0.7654	  1.0000
  2.1239	  5.5429	  1.7950	 -0.6009	  1.0000
  2.4865	  5.5429	 -0.6761	 -1.1007	  0.0000
  2.8492	  5.5429	 -0.7318	 -0.7038	  0.0000
  3.2118	  5.5429	  1.3695	 -0.4693	  1.0000
  3.5744	  5.5429	  0.7178	 -0.2199	  1.0000
  3.9370	  5.5429	  0.0312	 -0.5186	  1.0000
  4.2996	  5.5429	 -0.9046	 -0.9844	  0.0000
  4.6622	  5.5429	 -1.1732	  0.4069	  1.0000
  5.0249	  5.5429	 -1.7494	  0.4750	  1.0000
  5.3875	  5.5429	 -9.8212	 13.8085	  0.0000
  5.7501	  5.5429	 -2.4800	  0.7569	  1.0000
  6.1127	  5.5429	 -1.9802	  0.6017	  1.0000
  6.4753	  5.5429	 -1.4626	  0.7124	  1.0000
  6.8380	  5.5429	 -0.0919	  0.0292	  1.0000
  7.2006	  5.5429	  0.5837	 -0.2137	  1.0000
  7.5632	  5.5429	  0.8582	 -0.3555	  1.0000
  7.9258	  5.5429	  1.3518	 -0.8037	  1.0000
  8.2884	  5.5429	  1.6046	 -1.2190	  1.0000
  8.6511	  5.5429	  1.7321	 -1.4653	  1.0000
  9.0137	  5.5429	  1.9809	 -1.7657	  1.0000
  0.3108	  5.1803	  2.4907	 -1.9884	  1.0000
  0.6734	  5.1803	  0.2077	  0.3717	  0.0000
  1.0361	  5.1803	  2.2149	 -1.5700	  1.0000
  1.3987	  5.1803	 -0.0881	 -0.0856	  0.0000
  1.7613	  5.1803	  1.8158	 -1.2389	  1.0000
  2.1239	  5.1803	  1.8579	 -1.0108	  1.0000
  2.4865	  5.1803	 -1.4155	 -1.1250	  0.0000
  2.8492	  5.1803	  1.6246	 -1.0120	  1.0000
  3.2118	  5.1803	  1.6275	 -0.6189	  1.0000
  3.5744	  5.1803	  1.0374	 -0.3455	  1.0000
  3.9370	  5.1803	 -0.9317	 -0.0388	  0.0000
  4.2996	  5.1803	 -0.4915	  0.0888	  1.0000
  4.6622	  5.1803	 -0.8211	  0.3901	  1.0000
  5.0249	  5.1803	 -1.4638	  0.4119	  1.0000
  5.3875	  5.1803	-10.9292	  5.8095	  0.0000
  5.7501	  5.1803	 -2.1379	  0.8127	  1.0000
  6.1127	  5.1803	  3.7731	 -9.6321	  0.0000
  6.4753	  5.1803	-10.2165	 -5.5185	  0.0000
  6.8380	  5.1803	 -6.9031	 12.4257	  0.0000
  7.2006	  5.1803	  0.2893	  0.0943	  1.0000
  7.5632	  5.1803	  0.5655	 -0.0099	  1.0000
  7.9258	  5.1803	  1.0895	 -0.3730	  1.0000
  8.2884	  5.1803	  1.0503	 -0.8459	  1.0000
  8.6511	  5.1803	  1.0994	 -1.0382	  1.0000
  9.0137	  5.1803	 -7.9344	 -4.8033	  0.0000
  0.3108	  4.8177	  2.1460	 -0.3477	  1.0000
  0.6734	  4.8177	  0.5617	  7.7020	  0.0000
  1.0361	  4.8177	  2.0251	 -0.5258	  1.0000
  1.3987	  4.8177	  3.9034	  7.6971	  0.0000
  1.7613	  4.8177	  1.6379	 -0.6193	  1.0000
  2.1239	  4.8177	  1.8000	 -0.6943	  1.0000
  2.4865	  4.8177	 -1.1094	 -0.4324	  0.0000
  2.8492	  4.8177	  1.9452	 -1.0683	  1.0000
  3.2118	  4.8177	  1.8018	 -0.7934	  1.0000
  3.5744	  4.8177	  0.3095	  5.1489	  0.0000
  3.9370	  4.8177	 -0.8412	 -0.5855	  0.0000
  4.2996	  4.8177	 -0.1162	  0.1576	  1.0000
  4.6622	  4.8177	 -0.6468	  0.6219	  1.0000
  5.0249	  4.8177	 -1.2739	 -0.3923	  0.0000
  5.3875	  4.8177	 -4.6831	 11.8351	  0.0000
  5.7501	  4.8177	 -1.4940	  0.7252	  1.0000
  6.1127	  4.8177	 -1.2080	  0.5791	  1.0000
  6.4753	  4.8177	 -0.9684	  0.5031	  1.0000
  6.8380	  4.8177	 -2.3761	 -0.1661	  0.0000
  7.2006	  4.8177	 -0.9603	  0.7130	  0.0000
  7.5632	  4.8177	  0.9252	 -0.2107	  1.0000
  7.9258	  4.8177	  1.3963	 -0.4387	  1.0000
  8.2884	  4.8177	  7.5902	  0.9620	  0.0000
  8.6511	  4.8177	  0.4763	  0.3265	  0.0000
  9.0137	  4.8177	  1.3454	 -0.6359	  1.0000
  0.3108	  4.4550	  7.7587	 -7.6528	  0.0000
  0.6734	  4.4550	  1.2610	 -7.8004	  0.0000
  1.0361	  4.4550	  1.4713	 -0.1227	  1.0000
  1.3987	  4.4550	  1.5803	 -0.0647	  1.0000
  1.7613	  4.4550	  1.6764	 -0.7551	  1.0000
  2.1239	  4.4550	  1.7555	 -0.8640	  1.0000
  2.4865	  4.4550	 12.1195	  7.2139	  0.0000
  2.8492	  4.4550	 -0.8433	 -0.7157	  0.0000
  3.2118	  4.4550	  1.5798	 -3.8538	  0.0000
  3.5744	  4.4550	 14.0497	-13.4478	  0.0000
  3.9370	  4.4550	  8.3928	 -9.1564	  0.0000
  4.2996	  4.4550	 12.7889	 14.7001	  0.0000
  4.6622	  4.4550	 -0.8338	 -0.0979	  0.0000
  5.0249	  4.4550	 -1.1625	  0.2876	  1.0000
  5.3875	  4.4550	 -7.2144	-11.9069	  0.0000
  5.7501	  4.4550	 -1.4752	  0.1847	  1.0000
  6.1127	  4.4550	 -1.7406	 -0.1307	  1.0000
  6.4753	  4.4550	 -1.3866	 -0.4547	  1.0000
  6.8380	  4.4550	  7.8526	 -7.5436	  0.0000
  7.2006	  4.4550	 -1.1629	 -7.1410	  0.0000
  7.5632	  4.4550	  0.3488	 -0.9377	  1.0000
  7.9258	  4.4550	  0.8708	 -1.0948	  1.0000
  8.2884	  4.4550	  8.8540	  7.7187	  0.0000
  8.6511	  4.4550	  0.8819	 -0.8003	  1.0000
  9.0137	  4.4550	  0.7142	 -0.4743	  1.0000
  0.3108	  4.0924	  1.4321	 -0.0339	  1.0000
  0.6734	  4.0924	  1.3961	 -0.2984	  1.0000
  1.0361	  4.0924	  1.1491	 -0.2300	  1.0000
  1.3987	  4.0924	  0.7776	 -7.7838	  0.0000
  1.7613	  4.0924	  1.4022	 -0.5558	  1.0000
  2.1239	  4.0924	  1.5387	 -0.4300	  1.0000
  2.4865	  4.0924	  1.9218	 -0.5826	  1.0000
  2.8492	  4.0924	  3.0791	-11.0995	  0.0000
  3.2118	  4.0924	  0.9945	  4.5853	  0.0000
  3.5744	  4.0924	  2.0043	 -0.2184	  1.0000
  3.9370	  4.0924	 -0.5715	 -0.9826	  0.0000
  4.2996	  4.0924	  0.5862	  0.1164	  1.0000
  4.6622	  4.0924	  0.1873	  0.2977	  1.0000
  5.0249	  4.0924	 -0.3741	  0.2649	  1.0000
  5.3875	  4.0924	 -1.5046	  0.0972	  1.0000
  5.7501	  4.0924	 -1.0567	 -0.2883	  1.0000
  6.1127	  4.0924	 -1.3828	 -0.6091	  1.0000
  6.4753	  4.0924	 -1.7204	  0.9761	  0.0000
  6.8380	  4.0924	 11.2985	  5.3726	  0.0000
  7.2006	  4.0924	 -2.5134	  0.1167	  0.0000
  7.5632	  4.0924	 -0.0005	 -0.8710	  1.0000
  7.9258	  4.0924	  0.6601	 -0.8118	  1.0000
  8.2884	  4.0924	  0.1307	 -0.6914	  1.0000
  8.6511	  4.0924	  0.6872	 -0.4496	  1.0000
  9.0137	  4.0924	  0.4193	 -0.0823	  0.0000
  0.3108	  3.7298	  7.7350	 10.0744	  0.0000
  0.6734	  3.7298	  2.5514	  7.7312	  0.0000
  1.0361	  3.7298	 -2.4692	 -1.4611	  0.0000
  1.3987	  3.7298	  1.1918	 -0.2427	  1.0000
  1.7613	  3.7298	  1.2661	 -0.6230	  1.0000
  2.1239	  3.7298	  1.3248	 -0.4434	  1.0000
  2.4865	  3.7298	  1.6602	 -0.3356	  1.0000
  2.8492	  3.7298	  1.8851	 -0.1749	  1.0000
  3.2118	  3.7298	  1.8593	  0.1495	  1.0000
  3.5744	  3.7298	  1.8549	  0.1062	  1.0000
  3.9370	  3.7298	  1.4058	  0.0580	  1.0000
  4.2996	  3.7298	 -5.1902	 -7.2035	  0.0000
  4.6622	  3.7298	  0.4314	  0.2533	  1.0000
  5.0249	  3.7298	 -1.0097	 -0.2151	  0.0000
  5.3875	  3.7298	 -1.1318	  0.3080	  1.0000
  5.7501	  3.7298	 -7.6318	  7.5715	  0.0000
  6.1127	  3.7298	 -0.8942	 -0.5415	  1.0000
  6.4753	  3.7298	 -0.3325	 -0.4912	  1.0000
  6.8380	  3.7298	 14.0221	-12.0858	  0.0000
  7.2006	  3.7298	 -2.7332	 -0.0494	  0.0000
  7.5632	  3.7298	  0.1072	 -0.6388	  1.0000
  7.9258	  3.7298	 -3.5052	  0.2376	  0.0000
  8.2884	  3.7298	  0.0496	 -0.2912	  1.0000
  8.6511	  3.7298	  0.6520	  0.0449	  1.0000
  9.0137	  3.7298	  0.4202	 -0.0836	  0.0000
  0.3108	  3.3672	 -7.8136	  7.6856	  0.0000
  0.6734	  3.3672	  0.9704	 -0.9233	  1.0000
  1.0361	  3.3672	  0.6821	 -0.6713	  1.0000
  1.3987	  3.3672	  0.9374	 -0.4560	  1.0000
  1.7613	  3.3672	  0.7639	 -0.7765	  1.0000
  2.1239	  3.3672	  0.7597	 -0.3401	  1.0000
  2.4865	  3.3672	  1.1373	 -0.2953	  1.0000
  2.8492	  3.3672	 13.6568	-12.9436	  0.0000
  3.2118	  3.3672	  1.5041	  0.4475	  1.0000
  3.5744	  3.3672	  1.5588	  0.3593	  1.0000
  3.9370	  3.3672	  1.1241	  0.2977	  1.0000
  4.2996	  3.3672	 -1.2975	 -0.9399	  0.0000
  4.6622	  3.3672	 -1.0678	 -0.6718	  0.0000
  5.0249	  3.3672	 -0.0543	  0.1502	  1.0000
  5.3875	  3.3672	 -2.1496	 -0.9125	  0.0000
  5.7501	  3.3672	 -0.4193	 -0.5054	  1.0000
  6.1127	  3.3672	 -1.5598	  0.1304	  0.0000
  6.4753	  3.3672	-10.9169	  4.4279	  0.0000
  6.8380	  3.3672	  3.2569	 -9.8372	  0.0000
  7.2006	  3.3672	-10.6942	 -7.6654	  0.0000
  7.5632	  3.3672	  7.8557	-11.5486	  0.0000
  7.9258	  3.3672	  0.3058	 -0.1338	  1.0000
  8.2884	  3.3672	 -7.8640	 -7.7316	  0.0000
  8.6511	  3.3672	  0.0740	  0.6748	  1.0000
  9.0137	  3.3672	  0.3934	 -0.1094	  0.0000
  0.3108	  3.0046	  4.1457	-12.9357	  0.0000
  0.6734	  3.0046	  0.4170	 -0.2189	  1.0000
  1.0361	  3.0046	  0.1340	 -0.0403	  1.0000
  1.3987	  3.0046	  0.1710	 -0.0267	  1.0000
  1.7613	  3.0046	  0.1002	 -0.3715	  1.0000
  2.1239	  3.0046	-10.5607	  7.2317	  0.0000
  2.4865	  3.0046	  0.0054	 -0.9596	  0.0000
  2.8492	  3.0046	  0.2415	  0.9819	  1.0000
  3.2118	  3.0046	  3.0016	 13.4214	  0.0000
  3.5744	  3.0046	 -0.9387	 -0.3630	  0.0000
  3.9370	  3.0046	  7.7131	 11.7030	  0.0000
  4.2996	  3.0046	 -0.0930	  0.8199	  1.0000
  4.6622	  3.0046	 -0.1541	  0.7524	  1.0000
  5.0249	  3.0046	 -0.3615	  0.6934	  1.0000
  5.3875	  3.0046	  3.7014	-14.0896	  0.0000
  5.7501	  3.0046	 11.1518	 13.0036	  0.0000
  6.1127	  3.0046	 -0.6536	 -0.2667	  0.0000
  6.4753	  3.0046	-11.4352	 -7.6964	  0.0000
  6.8380	  3.0046	 -0.4086	  0.6633	  1.0000
  7.2006	  3.0046	 -0.9994	 -0.0501	  1.0000
  7.5632	  3.0046	  7.1687	  6.9966	  0.0000
  7.9258	  3.0046	 -3.0039	  0.5426	  0.0000
  8.2884	  3.0046	 -0.6192	 -0.1470	  1.0000
  8.6511	  3.0046	  0.5138	  0.0375	  0.0000
  9.0137	  3.0046	  0.3688	 -0.1136	  0.0000
  0.3108	  2.6419	  0.5121	  0.1516	  1.0000
  0.6734	  2.6419	  0.2761	 -0.1142	  1.0000
  1.0361	  2.6419	  2.9278	-13.8577	  0.0000
  1.3987	  2.6419	 -0.9676	 -7.7297	  0.0000
  1.7613	  2.6419	 -0.2022	 -0.0275	  1.0000
  2.1239	  2.6419	 -0.0325	  0.2900	  1.0000
  2.4865	  2.6419	 -0.1097	  0.5449	  1.0000
  2.8492	  2.6419	 -0.2518	  1.2304	  1.0000
  3.2118	  2.6419	 -0.3559	  1.3058	  1.0000
  3.5744	  2.6419	 -0.1764	  1.2085	  1.0000
  3.9370	  2.6419	 -0.2026	  1.2916	  1.0000
  4.2996	  2.6419	 -0.2612	  0.8575	  1.0000
  4.6622	  2.6419	 -1.1225	 -0.4413	  0.0000
  5.0249	  2.6419	 -0.5257	  0.9943	  1.0000
  5.3875	  2.6419	 -0.2815	  0.2630	  0.0000
  5.7501	  2.6419	  0.0646	 -0.0211	  0.0000
  6.1127	  2.6419	 -0.9448	  0.6053	  1.0000
  6.4753	  2.6419	 -0.7056	  0.5557	  1.0000
  6.8380	  2.6419	  0.5649	  5.7636	  0.0000
  7.2006	  2.6419	 -1.1859	  0.2769	  1.0000
  7.5632	  2.6419	  6.5563	 13.6248	  0.0000
  7.9258	  2.6419	 -3.9039	 -0.6945	  0.0000
  8.2884	  2.6419	 -7.5435	 -0.2206	  0.0000
  8.6511	  2.6419	 -0.4462	  0.4662	  1.0000
  9.0137	  2.6419	  0.3404	  0.1175	  0.0000
  0.3108	  2.2793	  4.4886	  7.7254	  0.0000
  0.6734	  2.2793	 -0.0276	 -0.8025	  1.0000
  1.0361	  2.2793	 -0.3528	 -0.4946	  1.0000
  1.3987	  2.2793	 -0.3850	 -0.3784	  1.0000
  1.7613	  2.2793	 -0.8195	 -0.2999	  1.0000
  2.1239	  2.2793	 -0.6671	  0.1254	  1.0000
  2.4865	  2.2793	 -0.7647	  0.4746	  1.0000
  2.8492	  2.2793	 -7.7297	  8.8948	  0.0000
  3.2118	  2.2793	 -0.8444	  1.3666	  1.0000
  3.5744	  2.2793	 -0.6282	  1.2427	  1.0000
  3.9370	  2.2793	 -0.5591	  1.3193	  1.0000
  4.2996	  2.2793	 -0.2830	  1.0927	  1.0000
  4.6622	  2.2793	 -0.6429	 -0.5701	  0.0000
  5.0249	  2.2793	 -0.6316	 -0.1793	  0.0000
  5.3875	  2.2793	 -0.6393	  0.7133	  1.0000
  5.7501	  2.2793	 -0.7166	  1.1635	  1.0000
  6.1127	  2.2793	  0.3881	 -0.6688	  0.0000
  6.4753	  2.2793	 -2.0584	  0.9275	  0.0000
  6.8380	  2.2793	 -2.5726	  0.9358	  0.0000
  7.2006	  2.2793	 -1.6080	  0.7724	  1.0000
  7.5632	  2.2793	 -3.0449	  0.6210	  0.0000
  7.9258	  2.2793	  8.2271	 12.9369	  0.0000
  8.2884	  2.2793	-11.5795	 10.0024	  0.0000
  8.6511	  2.2793	 -0.6767	  0.6372	  1.0000
  9.0137	  2.2793	 -0.0514	 -0.3560	  0.0000
  0.3108	  1.9167	  0.4095	 -0.8737	  1.0000
  0.6734	  1.9167	 -7.6068	  7.6886	  0.0000
  1.0361	  1.9167	  3.5910	  7.6576	  0.0000
  1.3987	  1.9167	 -0.4921	 -0.2055	  1.0000
  1.7613	  1.9167	 -1.4108	  0.3077	  1.0000
  2.1239	  1.9167	 -1.3094	  0.6781	  1.0000
  2.4865	  1.9167	 -1.4754	  0.9989	  1.0000
  2.8492	  1.9167	 -1.6576	  1.7056	  1.0000
  3.2118	  1.9167	  5.4011	  7.6833	  0.0000
  3.5744	  1.9167	 -1.0703	 -0.1456	  0.0000
  3.9370	  1.9167	-15.0262	  8.9836	  0.0000
  4.2996	  1.9167	 -1.4519	 -0.1020	  0.0000
  4.6622	  1.9167	  0.0123	  0.0779	  0.0000
  5.0249	  1.9167	  0.0538	  1.4467	  1.0000
  5.3875	  1.9167	 -0.0992	  0.8986	  1.0000
  5.7501	  1.9167	  7.9656	  7.5885	  0.0000
  6.1127	  1.9167	  0.1486	  1.3834	  0.0000
  6.4753	  1.9167	 -0.5286	  1.4323	  1.0000
  6.8380	  1.9167	-13.6588	 15.2491	  0.0000
  7.2006	  1.9167	  1.3368	 -6.3761	  0.0000
  7.5632	  1.9167	 -4.2937	 -6.7997	  0.0000
  7.9258	  1.9167	 -3.6642	  0.2827	  0.0000
  8.2884	  1.9167	  8.5425	 -7.9265	  0.0000
  8.6511	  1.9167	  0.2268	 -0.1943	  0.0000
  9.0137	  1.9167	 -0.0498	  0.0136	  0.0000
  0.3108	  1.5541	  0.3061	 -0.5091	  1.0000
  0.6734	  1.5541	 -0.1687	 -0.3468	  1.0000
  1.0361	  1.5541	  0.0773	 -0.4041	  1.0000
  1.3987	  1.5541	 -0.0844	 -0.2900	  1.0000
  1.7613	  1.5541	 -0.9412	 -0.1332	  1.0000
  2.1239	  1.5541	 -0.8963	 -0.0928	  1.0000
  2.4865	  1.5541	 -1.0413	  0.2090	  1.0000
  2.8492	  1.5541	 -1.3987	  0.6717	  1.0000
  3.2118	  1.5541	 -4.7114	  2.1603	  0.0000
  3.5744	  1.5541	 -0.9347	  0.6894	  1.0000
  3.9370	  1.5541	 -0.7474	  0.7496	  1.0000
  4.2996	  1.5541	 -0.0307	  0.4908	  1.0000
  4.6622	  1.5541	  0.0603	  0.7015	  1.0000
  5.0249	  1.5541	  0.0965	  0.8467	  1.0000
  5.3875	  1.5541	  0.3086	  0.7380	  1.0000
  5.7501	  1.5541	-11.6093	  7.5553	  0.0000
  6.1127	  1.5541	 -0.4500	  1.3865	  1.0000
  6.4753	  1.5541	 -0.5959	  1.2949	  1.0000
  6.8380	  1.5541	  5.7928	 10.0336	  0.0000
  7.2006	  1.5541	 -2.6342	  1.2101	  0.0000
  7.5632	  1.5541	 -4.5821	  0.4006	  0.0000
  7.9258	  1.5541	 -1.1361	  1.1673	  1.0000
  8.2884	  1.5541	  0.5928	  0.3725	  0.0000
  8.6511	  1.5541	 -1.0262	  0.7790	  1.0000
  9.0137	  1.5541	 -1.0914	  0.9302	  1.0000
  0.3108	  1.1915	  7.5263	 -7.2065	  0.0000
  0.6734	  1.1915	 -0.2840	  0.2237	  1.0000
  1.0361	  1.1915	 -5.7557	 -4.8447	  0.0000
  1.3987	  1.1915	  0.0987	  0.0538	  0.0000
  1.7613	  1.1915	 -1.1178	  0.1615	  1.0000
  2.1239	  1.1915	 -1.0188	  0.1750	  1.0000
  2.4865	  1.1915	 -1.1036	  0.1571	  1.0000
  2.8492	  1.1915	-10.6974	-10.5502	  0.0000
  3.2118	  1.1915	 -0.7263	 -1.0115	  0.0000
  3.5744	  1.1915	 -0.9496	  0.5096	  1.0000
  3.9370	  1.1915	  0.6091	  1.0714	  0.0000
  4.2996	  1.1915	  0.1011	  0.3784	  1.0000
  4.6622	  1.1915	  0.1748	  0.6883	  1.0000
  5.0249	  1.1915	  0.2323	  0.8836	  1.0000
  5.3875	  1.1915	  0.4810	  0.7803	  1.0000
  5.7501	  1.1915	  0.1374	  1.3868	  1.0000
  6.1127	  1.1915	 -0.4310	  1.4076	  1.0000
  6.4753	  1.1915	 -0.7783	  1.0095	  1.0000
  6.8380	  1.1915	 -0.9047	  1.6114	  1.0000
  7.2006	  1.1915	 -1.1996	  1.1653	  1.0000
  7.5632	  1.1915	 -1.2513	  0.9502	  1.0000
  7.9258	  1.1915	  0.5566	  0.5107	  0.0000
  8.2884	  1.1915	 -7.7659	  1.5961	  0.0000
  8.6511	  1.1915	 -1.0291	  0.4668	  1.0000
  9.0137	  1.1915	 -0.7899	  1.1004	  1.0000
  0.3108	  0.8288	  0.3357	  0.1505	  0.0000
  0.6734	  0.8288	  0.0314	  0.1847	  0.0000
  1.0361	  0.8288	  0.0199	 -0.0507	  1.0000
  1.3987	  0.8288	  0.0018	  0.1782	  0.0000
  1.7613	  0.8288	 -4.9334	  5.5660	  0.0000
  2.1239	  0.8288	 -0.7910	 -0.0129	  1.0000
  2.4865	  0.8288	 -0.8944	 -0.0946	  1.0000
  2.8492	  0.8288	 -1.4017	  0.2242	  1.0000
  3.2118	  0.8288	 -0.9949	  0.1088	  1.0000
  3.5744	  0.8288	 -0.7588	  0.1838	  1.0000
  3.9370	  0.8288	 -0.4982	  0.2953	  1.0000
  4.2996	  0.8288	  0.2976	  0.2863	  1.0000
  4.6622	  0.8288	  7.8273	  1.0538	  0.0000
  5.0249	  0.8288	  0.4097	  0.9726	  1.0000
  5.3875	  0.8288	  0.7418	  0.8613	  1.0000
  5.7501	  0.8288	  0.3870	  1.6014	  1.0000
  6.1127	  0.8288	 -0.2577	  1.5918	  1.0000
  6.4753	  0.8288	 -0.6055	  1.0911	  1.0000
  6.8380	  0.8288	 -1.0242	  1.4558	  1.0000
  7.2006	  0.8288	 -1.0798	  0.6728	  1.0000
  7.5632	  0.8288	  2.0935	 -8.5380	  0.0000
  7.9258	  0.8288	  6.0292	  7.7965	  0.0000
  8.2884	  0.8288	 -0.9405	 -0.4278	  1.0000
  8.6511	  0.8288	 -0.9502	 -0.3886	  1.0000
  9.0137	  0.8288	 -0.7444	  0.1656	  1.0000
  0.3108	  0.4662	  0.1760	  0.2398	  0.0000
  0.6734	  0.4662	  0.1108	  0.2493	  0.0000
  1.0361	  0.4662	  0.0702	  0.1327	  0.0000
  1.3987	  0.4662	  0.2211	 -0.5806	  1.0000
  1.7613	  0.4662	 -0.6576	 -0.6565	  1.0000
  2.1239	  0.4662	 13.8962	 -6.3390	  0.0000
  2.4865	  0.4662	 -0.8811	 -0.5921	  1.0000
  2.8492	  0.4662	 -0.9945	 -0.5408	  1.0000
  3.2118	  0.4662	 -0.5484	 -0.6828	  1.0000
  3.5744	  0.4662	 -0.3277	 -0.5587	  1.0000
  3.9370	  0.4662	 -0.1044	 -0.4291	  1.0000
  4.2996	  0.4662	  0.7863	 -0.3199	  1.0000
  4.6622	  0.4662	 10.2558	 -5.7035	  0.0000
  5.0249	  0.4662	  0.7913	  0.4868	  1.0000
  5.3875	  0.4662	  4.4283	 -7.6287	  0.0000
  5.7501	  0.4662	  0.6776	  0.9816	  1.0000
  6.1127	  0.4662	 -0.1756	  1.2001	  1.0000
  6.4753	  0.4662	 -0.4408	  0.8892	  1.0000
  6.8380	  0.4662	  0.6585	 -3.2479	  0.0000
  7.2006	  0.4662	 -0.9205	  0.9267	  1.0000
  7.5632	  0.4662	 -0.9631	  0.6181	  1.0000
  7.9258	  0.4662	 -7.6006	 -3.5335	  0.0000
  8.2884	  0.4662	 -1.2630	  0.3402	  1.0000
  8.6511	  0.4662	 -1.2259	  0.2454	  1.0000
  9.0137	  0.4662	 -1.2464	  0.6960	  1.0000
